0	1	2	3	4	5	6	7	8	9	10	11	12	13	14	15	16	17	18	19	20	21	22	23	24	25	26	27	28	29	30	Risk	Income
0	75	0	0	0	60	0	0	89	0	78	0	0	0	0	0	0	60	0	54	0	0	0	230	0	0	0	0	0	90	0	35.3223	2.56111
61	0	189	0	182	0	0	0	0	0	0	0	0	59	0	0	0	0	74	0	175	0	0	0	0	0	0	72	56	0	0	42.7624	3.91137
0	0	190	0	0	0	0	0	0	84	77	0	0	0	0	0	0	0	0	0	0	0	0	231	228	220	0	0	0	99	72	55.7389	3.63526
0	0	186	0	0	0	235	0	0	0	0	0	0	0	0	0	0	0	79	48	0	0	0	235	0	234	255	64	0	0	0	62.702	4.54684
58	0	0	0	0	0	0	63	0	0	0	75	0	55	0	0	0	55	70	0	0	0	0	228	233	0	0	0	0	92	0	45.5529	3.05647
0	0	0	0	180	67	229	67	0	0	0	0	0	0	0	0	0	0	79	0	0	0	58	0	0	0	257	72	60	0	0	54.1061	5.04936
76	0	182	0	173	69	0	62	0	0	0	0	71	0	0	0	0	0	0	0	0	0	0	0	236	229	0	0	57	0	0	57.148	5.06076
76	0	191	0	0	0	0	60	0	0	0	0	71	0	0	0	0	0	0	0	167	0	0	0	233	0	257	0	0	0	0	48.9451	2.92123
0	78	0	0	0	0	0	0	87	77	0	69	0	0	235	0	0	0	0	0	166	0	56	0	0	233	0	0	0	99	0	47.0934	4.50252
0	72	188	0	169	0	0	66	86	83	0	0	0	57	0	268	0	0	0	0	0	0	50	0	0	0	0	0	0	0	0	49.4134	4.09769
0	78	0	87	0	0	0	66	0	0	0	0	70	0	0	0	0	58	76	54	0	0	0	0	0	231	0	0	67	0	0	35.8211	3.5408
0	0	185	0	0	0	236	56	0	0	0	68	0	56	0	0	70	0	0	0	0	0	0	0	233	0	249	0	0	0	0	54.3704	3.18689
68	0	0	0	0	0	0	0	0	72	71	0	0	53	0	0	0	0	0	58	0	0	57	230	0	226	0	0	0	0	0	39.6941	3.17076
76	0	0	86	0	0	0	0	0	0	75	75	0	0	0	0	0	0	0	0	0	53	58	0	0	0	0	0	0	0	68	21.27	1.56637
0	0	0	81	0	61	228	0	86	0	0	0	0	46	0	0	79	0	0	0	176	0	0	0	0	0	0	59	0	0	63	40.4414	2.62905
75	0	0	0	0	67	0	0	0	0	0	0	70	57	0	0	0	0	0	0	0	56	53	0	0	0	0	0	0	87	0	20.2337	1.26324
0	0	0	88	0	58	0	0	0	0	0	0	0	0	0	282	0	55	0	42	0	52	0	0	0	234	0	0	54	93	0	40.8661	2.48104
0	0	0	0	0	70	220	0	0	0	0	70	0	0	234	0	0	60	0	56	0	0	0	0	0	0	250	0	0	0	65	45.885	3.25317
0	0	0	87	0	0	0	0	0	0	0	76	0	0	0	278	0	0	0	0	0	55	0	232	0	0	257	69	59	0	0	48.6909	3.17107
0	77	0	0	0	0	231	0	89	0	73	0	61	0	0	0	0	0	0	57	0	0	59	0	224	0	0	0	65	0	0	44.3191	3.50972
0	0	192	0	0	0	0	0	0	0	0	0	69	42	0	0	0	0	0	0	172	45	0	229	0	0	0	0	0	90	0	37.0584	2.35618
76	75	0	0	0	0	225	0	0	0	0	74	0	0	0	0	0	0	76	0	0	0	0	227	0	0	250	72	0	96	0	53.9909	3.837
0	0	0	0	0	0	0	60	81	0	79	0	0	0	236	0	0	0	0	0	0	52	0	0	0	0	0	0	0	89	77	27.6506	2.43157
0	0	186	0	0	0	226	0	0	0	0	72	71	0	0	0	0	0	0	0	169	0	59	0	0	0	255	72	65	0	0	51.5362	3.67129
73	0	0	0	168	0	0	0	85	83	76	0	70	0	226	0	0	0	0	0	0	0	0	224	0	0	256	0	0	0	0	61.3236	5.86017
76	0	0	0	0	63	233	0	0	0	0	74	62	0	0	0	78	0	0	55	0	0	59	235	0	0	0	0	0	0	78	47.0037	3.12723
0	0	0	0	0	60	0	68	0	82	0	0	0	0	0	279	0	0	0	0	0	0	0	229	232	0	0	0	65	0	70	50.0434	2.79133
0	0	0	87	0	0	0	0	0	0	0	0	0	57	0	0	0	0	0	56	0	0	0	231	237	0	0	0	66	0	0	36.2288	2.77821
0	73	181	0	0	0	0	0	0	0	0	70	0	50	226	266	0	50	0	0	174	0	0	0	0	0	0	0	0	0	0	44.7536	2.542
71	0	0	82	169	0	0	0	0	0	0	0	71	53	0	278	0	0	0	0	0	0	54	0	0	0	0	0	0	98	0	40.7774	3.29704
0	0	187	0	0	0	0	0	91	0	0	0	67	0	0	0	0	0	0	0	171	58	0	0	0	234	0	67	0	94	0	41.6391	3.26236
64	0	0	0	0	0	0	0	88	0	0	0	68	58	0	0	0	0	0	50	167	58	0	0	224	0	0	0	0	0	0	37.2274	2.62871
0	75	0	0	0	69	0	0	0	0	0	78	0	0	231	0	0	0	0	0	0	0	54	0	0	230	0	0	0	0	0	31.3487	3.10898
0	0	0	0	171	0	0	56	0	0	0	78	70	0	229	0	80	58	0	0	169	0	0	0	0	0	256	0	0	0	75	58.0435	5.28308
75	0	0	0	178	0	0	0	0	0	0	0	0	0	0	0	0	0	0	0	0	0	54	225	0	228	249	0	0	96	74	58.1298	5.42649
0	0	190	0	179	65	235	0	0	84	0	0	62	0	0	0	0	0	79	0	0	0	54	0	0	0	0	0	66	0	0	50.5415	4.5508
0	0	0	0	0	0	0	0	0	0	0	0	0	0	0	269	80	0	0	0	170	47	59	228	0	0	0	69	0	0	74	42.9899	2.09575
61	0	0	0	0	64	0	66	0	0	0	0	0	0	233	0	81	0	0	0	0	0	0	235	230	0	257	57	56	0	0	61.5691	4.28974
72	0	0	0	175	0	0	0	0	0	0	0	0	58	0	279	76	0	73	0	0	0	0	0	0	0	0	58	62	0	66	43.525	3.30743
0	0	0	0	0	0	231	0	79	0	0	0	70	57	0	0	72	0	0	0	176	0	54	0	0	0	0	65	63	0	0	38.752	2.94832
58	77	0	0	172	0	0	0	0	0	0	0	0	0	0	0	0	0	0	0	0	0	0	233	0	226	0	71	0	98	0	45.6803	4.60605
63	0	0	0	0	0	0	67	0	0	0	0	0	0	0	278	0	54	72	0	0	0	0	229	0	0	0	64	0	0	77	40.4475	2.06836
0	0	189	0	0	70	0	63	0	0	0	75	0	0	0	0	81	0	75	0	0	0	0	0	237	0	0	62	66	0	0	42.8651	2.69247
66	70	0	0	0	0	0	0	0	0	0	0	64	53	0	0	81	60	0	0	0	57	0	0	0	232	0	0	0	0	70	32.9719	2.29115
0	0	191	0	178	0	0	63	0	0	73	0	0	0	0	277	0	47	0	54	0	0	0	0	0	0	0	0	0	0	0	42.3289	2.99936
0	73	0	0	0	66	0	62	0	83	0	0	63	0	0	0	0	0	0	55	172	0	0	231	0	0	0	0	0	0	0	37.7956	2.89094
70	0	0	0	0	0	0	55	0	0	74	74	71	0	0	0	0	0	79	0	0	45	0	0	223	0	0	61	0	0	0	35.4554	2.4677
0	0	0	0	181	0	0	0	81	0	0	0	0	0	0	269	0	0	0	0	0	47	59	234	237	0	0	0	0	0	65	58.8195	4.63508
0	0	185	0	0	70	0	0	90	71	0	0	0	0	0	0	0	0	75	0	0	0	0	0	0	0	252	0	58	99	76	44.7912	3.20548
0	0	186	0	0	70	231	0	0	79	0	0	0	0	0	0	0	53	0	52	174	0	0	0	0	0	254	0	0	0	74	54.0981	3.00144
0	0	0	0	0	0	234	0	82	77	78	66	0	0	0	0	0	44	0	0	0	0	0	0	0	0	0	0	65	97	0	33.5395	2.53101
0	71	184	0	0	0	0	64	0	0	0	0	0	57	236	276	0	48	0	0	0	55	0	0	0	0	0	0	0	0	74	42.9663	2.36633
75	75	0	0	0	0	0	0	85	0	76	78	0	0	0	0	0	49	0	0	0	44	0	236	0	0	0	0	0	0	0	33.8011	2.58964
68	0	0	0	182	0	0	61	88	0	0	0	64	0	0	0	81	0	0	57	0	0	0	235	0	0	0	0	0	0	0	43.8222	4.48118
70	0	0	0	173	0	0	0	0	0	0	0	68	55	0	0	0	49	0	0	176	0	59	228	0	0	252	0	0	0	0	57.0611	4.94982
0	69	0	88	0	63	0	0	0	0	0	0	0	0	226	0	0	0	0	0	0	44	0	0	233	226	0	0	0	94	77	49.186	3.85458
0	0	0	0	0	67	0	56	0	0	0	0	0	0	231	0	82	0	74	0	0	0	0	0	223	0	0	72	0	0	0	36.9418	2.4929
0	0	191	0	0	0	0	62	0	0	0	0	0	0	228	0	0	56	74	57	0	0	54	0	0	0	0	0	61	0	72	36.5053	2.95878
65	0	0	0	0	0	0	66	0	0	0	0	0	0	0	0	0	0	0	58	174	0	0	0	237	222	0	0	61	85	75	47.5204	3.56419
63	0	169	88	0	51	235	0	0	0	0	0	0	0	0	0	0	0	69	58	0	0	0	161	237	217	0	0	0	0	0	64.9274	4.37031
59	72	0	0	0	0	0	67	88	0	0	0	64	0	0	282	0	0	70	0	0	0	0	0	237	0	0	0	0	90	0	46.7725	2.85028
66	0	0	0	180	63	0	0	0	0	0	0	0	0	0	270	0	0	65	43	0	0	0	0	0	232	0	0	0	90	0	48.9789	4.03288
75	72	0	81	0	0	0	57	77	0	0	0	0	0	0	0	0	0	0	43	0	0	0	228	0	0	0	66	0	0	0	32.5301	2.83137
0	0	0	0	0	68	220	0	0	0	0	76	0	0	226	0	79	0	0	0	175	0	0	236	0	0	0	58	0	85	0	53.7676	3.68693
72	0	0	83	0	0	237	0	0	0	0	0	0	0	0	0	0	0	0	0	0	0	0	0	225	228	257	72	0	99	0	58.8007	3.99197
0	75	0	0	0	70	0	66	78	0	0	0	0	0	226	0	81	0	0	0	0	0	0	227	0	0	0	72	0	92	0	43.1314	3.4597
0	0	0	86	0	0	0	0	0	0	0	0	0	0	0	0	77	0	76	0	170	0	0	0	232	229	0	71	58	0	77	49.7982	3.6795
0	0	0	0	180	0	228	0	83	81	0	0	0	0	234	0	0	0	75	0	169	0	0	235	0	222	0	0	66	0	0	76.0575	7.5264
0	74	0	81	173	0	0	0	0	0	78	0	0	0	0	283	76	54	0	0	0	0	0	0	0	0	0	62	0	0	0	41.5357	2.94517
0	70	187	87	0	0	0	0	85	81	0	0	0	0	225	0	0	60	0	0	0	0	55	0	236	0	0	0	0	92	0	52.4624	3.8149
0	0	0	0	0	0	0	0	0	0	0	0	0	56	229	276	76	0	73	0	0	0	0	0	237	0	256	0	58	99	0	60.0771	3.57104
0	70	0	0	0	0	0	0	0	0	0	0	69	0	236	0	81	0	0	0	0	0	0	0	237	218	252	0	0	0	0	52.2898	4.07001
61	0	190	0	0	0	223	0	0	0	0	0	68	53	0	0	0	57	0	0	0	0	0	236	0	0	0	0	0	0	0	41.0331	2.36817
0	0	0	84	183	0	0	0	89	0	75	0	0	0	0	281	0	60	0	0	0	0	0	0	0	227	0	0	65	99	0	54.949	4.88433
0	0	0	0	176	63	0	0	0	83	0	0	0	0	0	0	0	0	0	0	167	0	53	230	237	0	0	0	0	0	79	56.7141	4.69421
0	0	0	79	179	66	238	0	0	0	77	0	0	0	228	0	81	0	0	0	0	0	0	0	0	233	0	0	0	0	0	56.577	5.23864
0	0	0	83	0	67	230	0	0	73	0	0	67	0	229	0	0	0	76	0	0	0	0	0	236	0	0	0	0	0	0	49.4671	3.56658
0	0	186	0	0	0	238	60	78	84	0	0	0	0	0	0	0	0	65	0	0	56	0	0	0	234	0	66	0	0	0	48.6037	3.73875
0	0	0	0	173	0	0	0	0	0	79	76	0	49	0	0	70	0	0	0	0	0	0	0	227	220	0	71	0	0	70	51.929	4.63623
0	0	0	0	181	64	0	0	86	0	0	0	70	0	0	0	0	0	0	58	0	0	58	0	0	0	254	0	62	0	64	45.8305	4.90138
0	0	0	0	0	71	0	0	84	83	79	0	0	0	0	268	0	0	0	0	0	0	0	233	0	0	0	0	0	92	65	44.0626	2.42336
0	0	0	0	0	64	0	67	0	0	0	0	0	0	0	0	0	0	76	0	0	0	47	0	237	220	0	69	0	0	69	40.9639	3.08293
72	73	0	0	178	0	228	64	0	0	0	74	0	0	225	283	0	0	0	0	0	0	0	0	0	0	0	0	0	0	73	57.1098	4.73096
0	0	0	0	171	60	0	0	0	0	72	76	0	0	0	277	80	0	0	53	0	59	0	0	0	0	254	0	0	0	0	53.0411	3.77108
0	69	0	83	0	67	0	0	0	82	76	75	0	0	234	0	0	0	0	0	0	45	52	0	0	0	0	0	0	0	0	33.2998	2.84459
0	0	0	0	0	69	0	58	91	0	0	0	62	0	0	0	81	0	78	49	170	0	46	0	0	0	255	0	0	0	0	46.2019	3.51621
73	0	0	87	0	68	0	0	89	0	0	77	0	0	225	0	73	0	0	0	176	0	0	0	0	0	0	0	0	0	75	40.9995	3.20687
74	0	0	0	0	0	0	67	0	0	0	0	0	0	0	0	0	0	0	0	0	48	52	229	0	0	252	0	0	90	0	37.388	2.64808
60	0	0	81	0	68	233	0	0	81	0	0	0	0	0	0	0	59	77	0	171	0	0	0	0	0	0	0	66	0	77	45.1176	2.88581
0	0	191	0	0	0	0	57	0	0	78	0	0	0	0	0	73	0	0	0	0	45	0	228	0	229	254	69	0	0	0	55.6572	3.8041
0	0	0	0	0	0	219	0	0	0	0	0	63	0	0	0	76	0	66	0	0	0	0	234	231	233	0	0	0	98	0	58.2481	4.05423
67	69	0	0	170	0	0	0	0	0	0	0	0	46	233	0	0	0	0	0	0	0	0	0	226	0	0	0	54	99	78	48.897	4.61818
0	77	0	0	0	0	0	0	87	70	0	79	0	0	0	0	78	47	67	0	0	0	0	0	0	0	0	0	0	91	72	30.3929	2.32245
76	71	184	0	182	0	0	0	90	0	75	0	0	0	0	0	0	0	78	45	0	0	0	0	0	233	257	0	0	0	0	64.4189	6.03466
76	76	0	0	0	64	0	0	0	0	79	0	0	0	0	0	75	0	70	0	0	0	0	0	227	0	0	0	0	95	75	39.4894	2.06505
0	76	192	0	0	61	0	0	91	84	0	0	0	0	0	282	0	0	0	0	176	0	0	0	0	0	222	72	0	0	0	55.1535	3.03796
76	77	0	0	0	0	0	68	0	0	0	0	0	56	0	0	0	49	0	0	0	0	54	0	0	218	0	0	63	0	0	29.3928	2.64364
0	0	0	0	0	0	238	0	86	0	78	0	62	41	0	0	0	0	0	0	0	0	58	0	234	228	0	0	0	0	70	52.1768	3.97907
0	0	0	0	0	0	0	0	78	0	0	78	0	0	235	265	0	0	70	0	0	0	0	205	226	0	255	0	0	0	63	67.5676	4.68269
0	0	0	0	182	0	0	0	0	0	0	0	0	0	0	282	0	0	75	0	0	0	54	233	234	226	0	56	0	0	0	66.9235	5.40446
0	0	0	0	0	69	0	0	0	0	0	0	0	0	229	0	0	61	0	0	0	0	46	225	234	0	0	68	0	0	0	43.4491	2.91919
0	0	0	0	0	0	0	0	0	73	0	77	0	0	0	0	81	51	0	52	0	0	0	230	0	0	0	66	0	0	66	32.0801	2.12067
0	0	0	0	0	0	0	0	0	0	0	0	69	0	235	0	73	54	67	0	0	54	0	0	0	0	0	72	0	0	78	28.8762	2.09224
0	0	0	0	0	61	234	61	0	0	0	76	0	0	234	0	74	0	78	53	0	0	59	0	0	0	0	0	0	93	0	45.2824	3.48654
0	0	0	0	0	71	0	67	0	0	0	0	0	58	0	0	80	0	0	58	0	0	0	0	0	0	0	63	0	0	75	21.448	1.29459
0	0	189	0	175	0	230	0	0	0	0	0	0	0	0	0	0	49	70	58	0	0	0	0	0	0	0	0	0	0	79	43.2569	3.6353
46	71	189	0	0	0	0	0	0	0	78	0	71	0	232	0	0	0	74	0	0	0	0	0	0	232	252	0	0	89	0	57.7852	4.5477
0	0	0	0	0	0	0	0	0	0	76	78	67	54	0	282	81	58	0	0	0	0	59	0	0	0	256	55	0	0	0	46.6896	2.3921
0	74	0	0	0	0	220	59	0	0	0	68	71	57	0	0	0	50	0	0	0	56	0	0	0	0	0	0	0	0	0	29.1827	2.1767
0	0	0	0	170	68	0	68	90	0	0	0	0	0	0	0	0	0	0	0	0	57	0	231	225	0	0	0	0	0	0	49.1454	4.54347
0	0	0	88	182	67	225	0	0	84	0	0	0	0	0	0	0	0	0	0	0	0	0	234	0	226	0	0	0	0	0	56.6301	5.32612
0	0	185	0	182	0	0	0	0	85	75	70	0	0	0	0	0	0	0	0	0	0	0	232	0	0	0	61	0	0	0	44.6519	4.07841
0	0	0	0	0	0	0	0	78	0	0	69	0	0	0	272	0	60	0	0	175	0	51	0	238	0	0	0	0	0	0	43.5868	2.32578
0	0	0	88	0	0	0	0	0	80	0	0	72	0	0	0	0	53	0	0	0	44	0	0	0	220	0	63	0	88	0	30.4244	2.456
0	0	0	83	0	0	219	0	0	0	0	0	0	0	232	272	0	51	0	0	0	0	0	231	234	0	0	0	0	0	0	59.6026	3.43686
0	74	0	0	0	0	0	0	0	0	0	0	0	0	0	0	0	0	0	55	0	0	48	0	0	226	257	0	66	99	0	36.5145	3.30559
0	0	0	0	0	0	0	0	0	0	0	69	0	47	0	280	0	0	0	0	0	58	0	229	0	225	257	0	0	85	0	55.6343	3.65072
0	72	0	0	0	0	237	0	0	0	0	0	0	0	0	275	0	51	0	45	0	0	0	0	0	0	0	72	0	0	0	32.0472	1.35867
60	0	0	87	0	0	0	0	81	0	0	0	67	0	231	0	0	59	0	0	0	0	59	0	0	0	0	60	0	99	0	33.3363	2.8986
74	0	0	0	0	0	0	0	0	83	0	0	0	0	0	276	81	0	0	0	0	0	53	0	0	231	258	73	0	0	0	49.29	2.79548
0	0	0	0	0	67	233	62	0	84	0	0	66	49	231	0	0	0	72	50	0	0	0	0	0	0	0	0	0	0	76	44.4158	3.48837
0	76	0	0	0	0	0	0	0	81	0	78	68	41	228	0	0	0	0	50	0	0	0	235	0	0	257	0	0	0	0	49.8968	4.32615
0	0	188	0	0	0	0	0	0	73	78	0	0	55	0	269	0	0	0	0	0	0	0	0	236	219	0	0	0	99	78	57.3649	2.98108
0	77	0	0	0	0	237	0	0	83	0	0	0	0	0	0	0	0	72	0	170	0	0	230	0	0	0	0	0	94	76	47.9563	3.29272
0	75	0	0	0	65	235	0	0	0	0	67	0	0	0	282	71	0	0	0	0	53	0	235	0	0	0	58	0	0	0	50.3836	2.58358
0	0	0	0	0	0	0	0	81	0	0	0	0	50	0	0	0	0	78	57	169	0	0	0	0	0	250	56	57	84	0	40.9747	3.35254
0	0	0	0	0	0	0	0	78	0	0	0	65	0	0	274	0	60	0	0	169	59	0	227	232	0	0	0	0	0	0	54.0709	2.97212
60	0	0	0	0	0	0	0	0	0	79	77	0	0	0	267	0	0	0	58	0	0	0	0	0	0	0	0	0	97	68	29.1619	1.31571
0	0	0	0	0	60	0	0	0	0	0	0	0	0	0	269	0	60	0	0	169	58	0	223	0	0	257	0	0	98	66	56.2654	2.78576
74	0	0	0	0	0	0	0	88	70	77	76	0	0	0	280	0	53	0	0	0	0	0	0	0	218	0	0	0	83	0	44.5991	2.77307
0	77	188	83	0	65	0	0	0	0	0	72	0	0	0	0	0	0	0	0	176	0	0	0	226	0	0	69	0	0	0	43.5909	2.7091
0	0	191	0	174	0	0	0	0	81	0	0	0	0	235	0	50	0	0	0	0	0	0	226	238	0	254	0	0	0	43	72.4056	5.82279
71	0	186	0	0	62	0	0	0	0	0	0	0	55	0	0	0	47	0	0	0	58	59	0	0	231	0	0	0	99	72	41.1285	2.55685
0	0	0	87	0	0	0	0	0	84	0	0	0	45	0	278	0	0	74	45	169	0	0	227	237	0	0	0	0	0	0	59.1501	3.43711
0	0	0	84	0	0	0	67	0	0	77	0	0	58	0	0	0	0	0	0	0	0	0	0	0	0	257	0	0	0	74	28.62	2.10393
0	74	189	0	0	0	233	0	0	75	0	78	71	0	0	0	0	0	0	52	0	0	0	0	0	0	248	0	0	0	0	45.8327	3.22255
75	76	185	0	0	0	0	0	0	72	0	0	0	0	0	0	0	0	0	0	0	46	0	0	0	0	257	72	60	0	78	39.2519	2.55405
0	76	0	0	0	0	0	0	87	0	0	67	0	0	236	0	0	0	0	0	172	0	0	0	0	0	0	71	0	93	0	32.8123	3.03513
0	0	0	0	0	0	0	0	89	77	0	66	0	0	0	283	0	0	69	0	0	0	0	0	0	232	0	0	61	90	0	42.3051	3.27326
0	77	191	0	178	0	0	0	90	0	0	0	0	58	0	0	78	0	79	0	176	0	58	0	0	0	0	0	0	0	0	49.6217	4.5765
66	72	0	0	0	0	0	63	0	0	0	0	0	0	0	0	77	0	75	0	0	0	0	0	235	0	0	56	0	89	66	36.8588	2.21529
0	0	184	88	0	59	225	0	0	0	74	0	70	0	0	0	0	0	0	0	0	0	0	234	229	0	0	0	0	0	76	58.5219	3.52339
0	0	0	0	0	70	231	0	0	75	76	0	0	0	0	0	0	0	0	51	0	0	0	0	237	223	0	72	0	0	64	52.0891	3.39224
71	0	0	0	0	0	0	0	88	0	0	76	0	0	234	269	74	0	66	0	0	54	0	230	229	0	0	0	0	0	0	62.9733	4.05039
0	0	0	0	178	0	0	0	0	0	0	0	69	0	0	0	78	0	0	0	176	57	0	231	0	0	0	63	56	0	0	44.4496	4.20838
67	74	191	89	173	63	0	0	0	0	0	0	0	0	0	276	0	0	75	0	0	0	0	0	0	0	0	0	0	0	77	51.2934	3.69234
0	0	190	0	0	0	229	67	0	0	0	0	69	0	0	0	0	0	79	0	0	50	0	228	235	0	0	0	0	90	76	61.2364	3.8985
0	0	183	0	0	69	231	0	0	80	0	76	0	0	0	0	0	0	74	0	0	59	54	235	0	0	0	0	0	91	0	53.3136	3.48121
0	0	187	0	0	61	0	0	0	0	0	0	0	0	0	0	75	0	78	0	0	0	0	0	0	233	0	0	0	0	78	32.5791	2.12186
0	0	187	0	178	0	0	0	0	84	79	0	70	0	0	0	0	0	0	44	175	0	54	0	233	0	0	0	0	99	0	59.0279	4.71831
75	0	0	0	0	59	0	0	0	0	0	76	0	45	0	0	79	0	0	0	175	52	0	0	0	0	0	72	0	0	0	27.8096	1.52184
76	0	0	86	0	0	0	0	0	0	0	0	62	47	234	0	0	0	0	51	172	56	0	0	0	0	0	0	0	0	0	32.8133	2.67821
0	77	0	0	0	0	0	68	83	84	79	0	0	0	0	268	0	0	67	0	0	45	0	0	0	234	0	0	0	0	75	47.9847	3.45885
0	0	0	0	181	0	0	0	89	0	0	0	0	0	0	0	78	0	0	56	0	0	0	0	232	222	256	67	0	0	0	60.661	5.57664
0	75	191	84	172	69	0	65	0	0	78	74	0	0	234	0	0	0	0	0	0	0	0	0	0	0	0	0	0	0	0	48.5481	4.7633
0	0	0	0	0	64	0	0	0	79	0	0	70	0	0	0	0	61	0	0	0	58	0	0	0	234	0	59	62	0	0	30.1992	2.43155
0	0	0	0	0	0	236	0	0	75	0	0	69	0	235	0	0	0	76	51	0	0	0	0	227	0	0	71	0	0	0	47.4443	3.5153
70	0	186	0	0	70	223	0	0	0	0	0	0	0	0	0	0	0	0	54	167	0	0	0	0	221	255	0	0	0	77	60.3669	3.86023
0	0	0	0	0	0	237	62	0	0	78	0	61	0	0	278	0	45	0	0	175	0	0	223	228	0	0	0	0	0	0	64.2676	3.35801
0	0	0	0	0	0	0	67	0	83	0	0	0	0	0	0	0	59	80	0	0	0	0	230	232	225	0	0	0	98	70	55.2107	3.99082
0	0	0	84	0	0	225	0	0	84	0	0	0	0	0	168	0	0	0	0	0	57	0	235	234	0	257	0	0	95	0	67.0464	3.92749
0	0	0	0	0	0	0	0	0	0	0	0	63	0	0	0	0	51	66	0	0	57	0	0	0	0	252	63	56	0	0	27.4835	2.06042
0	73	0	0	0	0	0	59	0	82	0	79	0	55	226	0	0	0	0	0	0	0	0	0	0	0	0	0	0	0	65	26.3924	2.51915
0	0	0	0	0	0	0	0	88	79	0	78	0	53	0	0	0	60	0	0	0	57	0	0	0	0	0	0	65	99	0	25.6099	2.18263
72	0	0	0	0	0	0	66	0	84	0	78	71	0	0	0	0	0	0	0	170	0	0	0	0	0	0	0	0	90	64	29.6872	2.20357
0	0	182	0	178	68	0	0	0	0	0	76	0	0	0	0	0	0	79	0	0	0	0	234	0	233	0	61	55	0	0	57.9427	5.61614
0	72	0	0	0	0	0	60	0	0	73	0	67	0	0	0	0	0	76	0	0	0	0	0	0	0	256	70	0	0	75	33.9684	2.63702
76	69	0	88	0	0	0	67	0	0	0	0	70	0	232	0	0	0	0	0	0	0	0	234	0	0	255	0	0	90	0	51.5737	4.26594
0	0	185	0	182	0	234	62	0	0	0	0	0	0	232	283	0	0	0	0	0	0	0	0	0	0	0	71	0	0	66	58.5286	4.44812
76	0	189	0	180	0	0	0	0	83	0	0	0	0	0	0	0	0	78	0	0	44	52	0	226	0	0	0	0	0	0	48.1142	3.94633
0	0	0	0	0	70	0	0	0	76	0	0	0	0	228	0	0	0	0	43	0	0	0	235	0	232	0	72	65	0	75	48.0353	4.21438
0	77	0	0	0	58	0	62	0	73	74	76	62	0	0	277	0	0	0	0	0	0	0	0	0	230	251	0	0	0	0	54.9131	3.75791
0	0	184	0	0	0	0	0	79	0	0	0	0	0	235	0	0	0	75	59	174	0	0	0	0	0	0	72	63	0	76	43.3615	3.63192
0	77	0	88	0	0	0	66	0	0	0	0	72	0	234	0	0	0	74	58	0	0	0	0	0	0	0	0	0	0	0	28.6268	2.96571
64	0	191	0	0	0	0	0	0	80	0	0	0	55	0	0	0	0	76	0	0	0	0	0	237	0	256	70	0	0	0	49.0738	2.86773
60	0	0	0	179	70	0	0	0	70	0	0	0	0	235	276	0	0	0	0	0	0	57	0	237	0	0	0	0	95	0	59.9612	4.4313
74	75	0	0	0	0	0	0	0	70	0	75	0	0	0	0	71	0	0	0	171	0	55	0	0	218	0	0	0	99	0	39.5489	3.00312
68	0	0	85	0	0	0	0	0	84	76	0	0	51	0	0	0	0	69	0	0	0	57	0	0	0	0	0	0	0	79	26.6305	1.90392
73	0	0	84	0	0	237	65	0	70	0	0	65	0	0	280	0	0	77	45	0	0	0	0	0	0	255	0	0	0	0	56.6677	3.42724
0	68	0	0	0	0	0	0	0	0	0	77	0	50	0	0	0	62	0	0	0	47	0	234	227	0	253	0	0	0	0	49.5159	3.32032
0	0	188	0	0	65	0	0	83	0	0	0	62	0	0	0	0	0	71	0	176	0	0	0	230	0	0	0	0	0	76	45.5096	2.91323
50	0	190	45	0	0	0	67	58	0	0	0	0	0	0	0	0	0	0	0	0	0	0	230	237	0	218	0	0	90	0	56.1956	3.71238
68	70	0	0	0	0	0	67	90	74	78	0	0	0	0	0	0	0	75	0	0	0	53	0	0	232	0	0	0	0	0	38.1387	3.50821
0	0	0	0	0	0	233	0	86	82	0	78	0	0	0	0	0	0	78	0	0	0	0	235	234	0	0	0	63	0	0	53.8452	4.19503
0	0	191	83	182	0	231	0	88	0	0	0	0	47	0	279	0	0	0	0	0	0	0	0	0	0	0	0	0	89	0	56.157	4.24942
63	0	0	88	0	0	0	59	88	0	0	76	0	0	0	283	0	0	0	0	0	0	0	230	0	0	0	72	0	0	0	42.5329	2.88521
0	77	182	83	0	0	0	0	0	0	78	0	0	0	0	0	0	0	72	0	0	0	50	0	233	0	254	0	0	0	0	49.1297	3.20564
0	0	0	0	0	0	0	65	0	71	0	0	68	0	0	0	0	61	0	0	0	52	0	0	234	227	0	64	0	0	0	39.1575	2.84193
0	0	0	0	0	70	0	58	0	70	0	0	0	0	225	0	0	59	0	0	0	57	49	0	0	0	0	0	0	0	0	25.2078	1.88262
0	75	0	0	0	0	0	68	0	0	0	0	0	0	0	0	0	0	74	53	0	54	0	0	0	221	0	72	0	0	77	30.8728	2.8084
76	0	0	0	176	0	0	0	0	83	75	77	0	56	0	0	0	53	75	0	0	0	0	233	0	0	0	0	0	0	0	47.8218	4.35066
0	0	0	0	175	0	0	66	89	0	0	0	0	0	229	0	81	56	0	0	0	0	45	0	0	0	0	0	0	98	0	40.1995	4.21778
0	0	0	0	0	68	0	0	0	0	0	74	0	0	0	0	0	51	76	0	0	47	0	0	0	0	251	0	0	85	0	30.8115	2.0094
69	71	0	0	173	0	0	0	78	0	0	0	70	0	0	0	0	61	0	56	0	0	0	0	0	0	257	0	59	0	77	48.1395	4.79947
77	0	0	0	0	0	0	0	80	0	0	0	70	54	0	0	0	0	0	0	0	49	0	0	232	0	0	0	0	99	0	30.994	2.09435
64	0	191	0	0	0	0	0	81	0	0	76	0	0	0	0	77	0	0	55	0	51	0	0	0	0	0	62	0	0	64	31.1354	2.01833
0	0	182	0	177	0	230	0	0	0	0	0	65	0	0	0	0	60	78	0	0	0	0	0	0	0	0	63	56	0	0	44.9467	3.99164
0	0	188	0	0	53	108	0	23	0	68	0	0	35	0	0	0	0	0	0	0	0	0	153	187	194	221	0	0	0	0	58.9438	3.83328
76	72	186	84	0	0	0	0	0	0	0	73	0	0	0	0	72	60	0	0	0	0	0	227	229	0	0	0	0	0	77	53.7059	3.15104
0	0	183	0	0	0	0	0	0	79	78	74	0	0	0	0	70	0	0	50	0	0	0	0	0	217	0	70	66	0	68	41.1593	3.08131
0	70	0	0	0	0	0	66	0	0	0	67	68	0	0	0	0	0	0	0	171	0	0	0	0	230	0	72	57	96	0	37.6696	3.52803
0	0	0	0	0	0	227	67	0	76	0	0	0	52	0	273	0	0	0	0	176	0	0	222	0	0	0	70	0	85	0	55.1291	3.05151
0	0	185	0	0	0	0	0	77	0	79	0	0	0	230	0	0	0	0	0	176	0	0	0	226	0	0	0	0	0	72	46.6078	3.15342
0	0	0	85	0	0	0	0	90	75	0	0	0	45	0	0	0	54	79	0	174	0	0	0	235	0	0	0	0	0	0	42.1001	2.96814
0	0	191	0	0	0	237	0	0	0	0	0	0	0	0	282	80	0	77	0	0	59	55	0	0	205	0	0	63	97	0	57.8372	3.27805
71	0	0	0	0	0	0	0	80	0	0	0	0	45	235	0	81	0	0	0	0	58	0	235	232	0	0	0	0	0	0	48.1246	3.4154
0	0	0	0	174	0	222	0	0	0	74	0	64	0	0	0	0	60	79	0	0	0	0	0	0	0	0	0	63	99	0	41.9618	3.91408
0	0	0	88	0	0	0	0	85	70	0	69	0	0	233	280	0	0	0	0	0	58	0	226	0	0	0	0	0	0	0	47.6781	3.52349
75	77	0	84	0	0	0	0	88	0	0	0	0	0	0	0	78	59	0	0	0	0	54	0	237	0	0	0	0	0	75	39.3307	2.53776
0	0	0	0	0	0	0	0	0	0	73	0	66	0	0	280	0	49	0	0	0	46	0	0	228	0	255	65	0	92	0	51.2689	2.38076
0	76	187	88	0	70	0	0	0	0	0	75	0	0	0	0	73	0	0	0	0	59	0	0	0	0	0	72	0	0	74	32.7227	1.98202
0	0	184	0	0	0	0	0	0	0	0	70	0	47	0	0	0	0	0	54	0	51	0	0	0	0	0	0	57	99	78	26.4081	1.87852
0	0	0	0	0	0	233	62	0	0	0	78	0	0	0	0	72	0	0	52	0	0	0	233	232	0	0	0	0	0	0	46.9267	3.10628
0	0	188	0	0	0	0	0	85	0	79	0	0	0	232	271	0	0	76	56	0	0	0	0	0	0	0	0	61	0	79	47.5638	3.22067
0	0	0	0	0	70	0	0	0	0	0	75	71	0	0	0	80	0	0	0	0	54	0	0	0	0	0	0	56	0	0	17.3859	1.28178
61	75	0	80	0	0	0	62	0	0	0	0	0	0	0	282	71	0	0	0	0	51	0	235	0	0	0	0	0	0	0	39.9439	2.11971
0	76	0	88	0	0	0	68	0	0	0	0	0	0	0	0	0	0	0	56	0	0	0	0	0	232	256	71	60	97	0	43.9948	3.98176
0	0	0	0	0	71	228	64	0	0	0	78	0	0	234	0	0	61	65	0	0	51	0	234	224	0	0	0	0	0	0	61.7585	4.33096
0	0	0	0	0	0	0	0	82	82	0	0	0	0	231	279	0	59	0	54	0	0	0	228	0	0	249	0	54	0	0	58.492	4.08947
0	75	0	0	181	0	0	0	0	0	0	0	0	0	0	0	79	0	77	58	174	0	0	231	0	0	0	59	59	0	0	50.0986	4.82649
0	0	0	0	0	0	0	0	0	0	77	0	71	43	0	0	69	0	0	0	0	0	0	0	0	229	0	68	0	90	74	30.7541	2.26802
0	0	186	0	0	0	236	0	0	0	77	0	66	0	0	0	0	57	0	43	0	0	0	0	232	0	0	0	0	0	0	42.3367	2.19907
0	0	0	82	0	68	223	67	0	0	0	74	0	0	0	0	0	0	0	0	175	0	0	0	236	0	0	72	0	0	74	49.9074	3.23652
0	0	188	85	0	0	233	0	0	0	0	76	0	58	0	277	76	0	0	0	0	0	0	0	0	0	0	0	66	90	0	48.4037	2.4981
0	0	0	0	0	65	0	0	0	0	80	0	0	0	0	279	0	0	76	0	173	0	58	0	236	230	0	0	0	0	0	55.9742	3.19766
66	0	0	0	0	69	236	0	0	84	0	0	0	0	234	273	0	53	0	54	0	0	0	0	0	0	0	0	0	0	0	45.9432	2.33274
0	0	0	80	0	69	0	0	0	0	0	0	0	45	0	0	72	0	0	0	168	0	57	0	237	0	0	0	0	0	0	35.4749	2.02312
0	0	0	0	0	0	0	0	86	0	0	66	64	0	231	283	0	54	0	0	0	0	0	222	0	0	251	0	0	95	0	58.7909	4.08539
0	0	0	82	169	0	0	0	0	72	0	0	0	0	234	0	0	0	77	0	0	0	0	0	0	233	0	55	0	0	74	47.2458	5.19156
0	69	0	0	0	0	223	68	0	0	76	0	0	54	0	0	0	0	0	0	0	0	0	0	230	0	0	0	0	94	0	38.276	2.36505
70	0	0	0	0	0	236	63	81	0	75	76	0	0	0	0	0	53	0	0	0	0	0	227	0	0	0	0	0	0	0	42.1551	3.03722
0	0	0	88	169	0	0	0	0	0	0	0	0	58	0	0	76	0	0	52	174	0	0	0	0	0	257	0	0	97	78	51.2563	4.40891
0	0	0	0	180	0	0	61	88	0	79	74	71	0	225	0	0	0	67	47	0	0	0	0	0	0	0	0	0	0	0	44.0761	5.22413
0	0	0	88	0	0	0	0	0	77	77	0	0	0	234	0	0	0	0	50	169	0	0	0	237	0	0	0	0	93	0	45.7693	3.2495
0	77	0	0	0	0	0	0	0	79	0	0	0	0	232	273	79	0	0	56	0	0	0	235	0	0	0	0	0	0	0	43.9356	2.72454
0	78	0	0	0	0	0	68	0	0	0	0	0	44	227	0	74	0	74	45	0	0	0	0	0	0	256	0	0	0	0	38.7764	3.19146
0	71	0	0	0	0	225	65	86	0	0	0	0	0	229	0	77	0	0	55	0	0	0	0	0	0	0	0	0	89	0	38.6099	3.18384
72	78	0	0	0	0	221	0	0	0	0	0	0	0	0	0	0	0	0	0	0	58	57	233	0	227	0	72	0	0	0	46.0318	3.51924
0	0	0	0	0	0	237	0	84	78	0	0	0	0	236	0	0	0	0	0	0	45	0	0	226	0	258	72	0	85	0	59.6075	4.27353
0	75	0	0	0	0	0	0	0	0	0	0	0	0	231	0	73	59	77	0	0	0	58	223	0	0	0	0	0	0	0	35.9828	2.8062
75	0	191	84	0	0	234	0	0	70	0	0	0	0	233	0	75	0	0	0	0	59	0	235	0	0	0	0	54	0	0	56.8702	3.86315
0	0	0	87	173	60	0	0	78	0	0	0	66	0	0	0	0	0	0	0	173	45	46	0	0	0	0	70	0	0	0	39.9623	4.15855
64	73	0	83	0	0	0	0	0	0	0	73	0	0	0	0	74	0	77	0	0	0	0	0	235	0	0	0	0	0	0	32.8751	2.20384
57	0	186	0	0	0	0	58	0	84	0	0	0	0	0	280	80	0	0	0	0	45	0	0	0	0	255	0	0	0	0	45.0654	1.89044
0	77	189	0	0	0	236	0	87	82	79	0	0	0	0	0	70	0	0	0	0	0	0	0	0	0	0	0	0	0	0	37.223	2.2802
0	0	0	87	0	0	234	0	0	77	0	0	0	0	229	0	0	0	0	0	0	0	0	0	237	229	0	0	60	86	0	55.0732	4.40751
72	0	189	0	182	63	0	0	0	0	0	0	0	0	235	0	82	0	78	0	0	0	0	0	0	0	0	63	0	0	0	45.8427	3.97749
0	0	0	86	0	67	0	0	0	0	75	0	70	0	0	0	79	57	0	0	0	0	0	0	235	219	0	0	57	0	0	44.6497	3.03536
72	0	0	87	0	0	0	63	78	0	0	0	0	0	234	0	0	57	0	0	0	0	0	0	0	230	0	0	61	86	0	41.2116	3.93148
75	0	0	0	180	0	0	0	0	0	0	0	0	0	233	0	0	0	0	0	169	59	0	235	0	0	253	0	63	0	0	60.1572	5.64425
0	0	0	0	0	0	0	0	85	0	0	0	0	0	0	0	80	0	0	45	172	0	0	0	0	223	0	73	0	91	0	34.1306	2.72848
0	73	188	0	0	0	0	0	0	0	75	0	0	0	0	0	74	0	72	55	0	0	47	229	0	234	0	0	63	0	0	51.0619	3.99423
0	0	189	0	0	0	0	0	0	0	75	70	67	0	0	0	0	62	0	47	0	0	0	0	0	0	0	68	0	0	0	24.9424	1.51186
0	0	0	0	178	0	0	0	0	0	0	0	72	59	0	0	80	0	0	54	174	0	0	235	0	0	0	71	55	0	0	48.5117	4.6123
0	0	0	80	182	0	0	66	0	0	0	0	0	0	231	0	79	57	70	0	0	0	0	0	0	0	0	0	0	0	65	40.579	4.14999
68	0	0	86	0	0	236	0	0	0	0	0	64	0	0	269	0	0	0	0	0	0	0	228	0	0	0	0	66	99	0	48.3009	2.87192
68	0	182	0	176	0	0	0	0	0	0	0	62	57	0	0	70	0	0	0	0	52	57	0	0	0	256	0	0	86	0	51.0461	4.15325
0	0	0	0	182	68	0	0	0	78	0	0	0	46	0	0	0	60	77	0	0	52	0	0	0	234	0	0	0	0	0	42.3637	4.16351
0	69	0	0	0	60	0	0	90	82	0	0	64	0	231	0	0	59	0	0	0	0	0	0	0	0	0	0	0	0	0	28.5529	2.52054
67	76	190	0	0	0	226	0	0	73	72	0	0	0	227	0	73	0	0	0	0	0	0	0	0	0	0	0	62	0	0	44.8032	2.93736
0	0	0	0	182	0	0	66	0	0	0	0	71	0	0	0	0	54	79	0	176	53	0	0	231	0	0	70	0	0	0	50.4999	4.4219
0	0	0	0	0	0	226	0	78	81	0	77	0	52	0	0	0	0	0	51	167	0	0	230	0	0	0	71	0	0	0	48.6181	3.73446
67	0	0	88	0	0	0	0	89	84	0	0	0	56	0	0	0	0	0	57	176	0	0	0	0	0	256	0	66	0	0	43.7296	3.56365
58	0	0	0	0	0	0	0	79	75	80	0	0	0	233	0	69	0	0	0	0	0	56	0	0	0	0	0	56	0	0	30.0536	2.57302
0	0	0	89	179	62	0	0	0	0	79	0	72	0	0	265	0	54	0	0	0	0	0	0	0	0	256	67	0	0	0	53.9762	4.00068
73	0	0	88	0	0	0	0	0	70	73	78	0	0	0	0	0	59	80	0	0	0	58	0	0	0	251	71	0	0	0	42.0849	2.98192
0	0	0	88	0	0	234	0	0	84	0	0	70	0	0	0	81	0	0	54	0	0	58	0	0	0	255	0	0	88	0	45.9487	3.15163
0	0	0	0	0	0	0	66	0	0	0	0	0	57	0	0	80	0	0	0	0	0	53	0	0	0	0	0	0	95	79	18.4405	1.18098
0	0	188	0	180	0	0	57	0	83	75	73	0	0	0	273	0	0	0	56	0	0	54	0	0	0	0	0	0	0	71	52.0587	4.04632
0	0	0	0	0	0	0	0	0	0	0	72	0	57	232	0	79	0	75	0	0	0	48	233	227	0	0	0	66	88	0	53.8803	4.2088
0	76	0	0	0	65	0	64	89	0	0	0	0	0	0	276	0	0	0	0	0	56	0	0	0	0	255	0	0	98	0	42.9143	2.55921
0	68	0	0	181	0	0	0	0	0	0	0	0	0	0	0	0	0	0	42	0	0	0	225	0	233	257	0	0	94	0	55.0603	5.46531
0	0	190	0	182	70	0	0	0	0	74	77	0	45	235	0	81	0	0	0	0	0	0	0	0	0	0	0	0	0	0	45.3032	4.05586
0	0	190	0	0	0	0	0	0	84	0	0	0	0	0	278	78	0	0	0	0	0	51	0	0	0	0	0	58	0	77	33.4983	1.36945
0	0	187	86	0	60	0	64	0	0	0	0	0	51	0	0	0	61	0	57	0	54	0	0	0	0	0	65	0	0	0	30.6156	1.82545
0	0	0	0	0	59	0	0	0	0	78	78	0	59	0	0	70	0	0	0	176	0	0	233	0	0	249	0	63	0	0	50.0461	3.4623
0	0	0	86	0	0	0	0	85	0	0	0	0	0	234	0	77	57	75	0	168	0	0	0	237	0	0	0	0	0	0	47.7058	3.45177
69	0	0	0	172	69	0	0	80	0	0	0	0	0	0	0	73	0	0	0	0	57	0	235	233	0	249	0	0	97	0	68.0286	5.31854
0	75	186	0	0	0	0	0	86	0	77	0	0	0	0	278	0	0	0	0	45	0	0	0	0	218	239	0	0	42	0	54.6623	3.43749
0	0	191	0	0	0	0	0	0	80	0	0	0	51	0	274	0	0	74	0	0	58	59	0	0	0	0	0	0	98	0	37.7054	1.73403
0	0	0	48	0	0	0	54	0	0	73	0	0	47	0	276	0	59	0	0	0	0	0	235	0	220	252	0	0	87	0	61.2362	3.82882
0	0	0	0	0	0	234	0	0	0	0	0	71	0	0	0	76	58	78	0	0	0	0	234	0	0	250	73	0	0	0	50.9982	3.27402
0	77	188	0	0	0	236	0	85	0	0	0	64	47	0	0	0	0	0	54	0	0	0	0	0	0	254	0	66	0	0	48.5769	3.75443
0	75	0	0	0	0	0	0	84	80	0	0	64	0	0	0	78	59	0	0	0	0	0	235	0	234	0	0	60	95	0	48.3648	4.06102
0	0	0	0	0	0	233	0	0	77	0	69	0	0	0	0	81	0	75	0	0	0	58	0	234	222	0	0	0	0	0	50.62	3.59211
60	0	185	0	0	65	0	0	0	0	0	74	0	54	0	265	0	0	0	0	0	55	56	0	0	0	0	0	66	0	64	39.4807	1.98727
71	0	0	0	0	0	237	0	0	83	0	0	68	0	0	0	0	0	69	0	173	55	0	234	230	0	0	0	0	0	0	58.6689	3.73069
0	0	191	0	0	0	0	0	0	79	0	74	0	0	0	0	0	58	0	0	0	0	56	231	0	0	255	0	0	0	0	44.1401	2.92956
0	0	0	0	168	0	0	0	0	0	0	0	0	0	0	0	0	0	74	57	172	0	0	229	0	232	0	0	65	90	78	57.3378	5.68987
0	70	0	86	0	0	230	58	0	0	0	0	71	0	0	0	0	58	71	0	0	0	0	0	0	234	0	73	0	98	0	46.8261	3.76928
0	0	0	0	0	70	0	0	88	84	0	0	0	57	228	0	0	0	0	49	0	0	0	0	237	0	0	0	0	0	0	38.6212	3.00013
0	74	0	86	0	0	237	63	0	0	0	0	61	0	0	0	0	0	0	0	0	0	0	0	0	226	0	68	55	0	0	37.873	3.45998
0	73	0	0	0	62	0	0	0	0	0	0	0	55	0	279	0	44	74	0	0	60	0	232	0	0	0	0	0	0	0	40.4232	2.06672
61	77	0	0	0	0	0	66	0	0	0	77	0	0	226	0	0	57	80	0	175	0	0	0	0	0	257	0	0	0	0	47.9399	3.78638
0	0	0	0	0	0	0	66	0	0	0	0	0	0	0	274	73	0	0	58	0	47	0	0	226	226	258	0	0	0	76	59.2667	3.47252
75	0	185	0	0	0	238	0	0	0	0	0	71	0	236	0	0	0	0	0	0	0	0	0	229	234	0	0	0	99	0	59.8329	4.1788
0	74	0	88	0	0	0	0	0	82	0	0	0	50	0	0	0	0	68	0	0	51	60	0	235	0	0	59	0	0	0	36.6236	2.65504
66	0	190	0	0	0	0	0	0	71	74	0	0	52	0	268	0	0	0	0	0	0	58	0	0	0	256	0	0	0	78	48.5644	2.27409
71	76	0	82	170	0	0	0	79	0	0	78	0	45	0	0	75	0	0	0	0	0	46	0	0	0	0	0	0	0	0	36.8016	3.99473
0	0	0	0	0	67	0	0	90	0	0	0	70	0	232	0	0	0	0	0	171	0	0	224	0	233	0	0	0	0	78	52.2436	4.6157
73	0	0	0	0	0	0	0	0	0	0	67	0	0	0	276	0	57	0	0	0	59	0	232	0	0	0	0	65	92	78	42.4022	2.25466
0	0	191	0	180	65	232	0	86	0	0	68	0	0	230	0	76	57	0	0	0	0	0	0	0	219	0	0	0	0	0	66.6663	5.92573
0	73	0	0	0	0	0	0	81	0	0	0	0	0	232	0	0	0	0	0	0	49	49	0	0	0	0	71	58	0	77	27.4867	2.80682
74	0	0	87	0	0	0	0	89	0	0	0	0	0	225	0	0	55	0	0	0	0	0	0	228	0	0	0	61	0	67	39.8091	3.16308
0	0	0	0	0	70	0	0	0	0	0	76	68	0	0	273	0	0	0	53	0	58	52	233	227	0	0	0	0	0	0	51.4248	2.97359
66	0	0	86	0	0	0	57	0	83	0	0	0	0	232	0	0	0	79	52	0	0	0	0	0	0	0	66	0	0	72	34.0796	2.93354
73	0	0	84	0	70	0	0	0	0	0	0	0	57	233	0	75	0	0	0	176	0	0	0	0	228	0	65	0	0	0	45.85	3.46917
0	0	0	0	0	64	0	66	0	0	0	0	72	0	227	268	0	55	0	48	0	0	0	0	233	0	0	0	0	0	0	45.5262	2.57797
0	0	183	0	0	0	0	0	0	0	0	0	0	53	0	0	0	0	70	0	174	59	0	0	0	0	253	72	0	93	0	42.5081	2.60126
0	0	190	0	0	0	0	0	0	0	77	75	0	0	229	0	80	0	0	0	0	0	0	0	0	0	255	0	0	95	76	45.2449	2.97139
76	0	0	0	169	0	224	0	0	73	0	0	67	44	0	0	0	58	0	0	0	0	0	227	0	0	0	0	0	98	0	51.6843	4.3005
0	0	0	0	182	0	229	0	89	75	0	0	0	0	0	0	0	56	0	0	175	0	0	0	0	0	250	0	63	0	0	56.4368	5.12589
0	73	0	0	0	71	0	0	0	0	0	78	69	0	235	0	0	0	0	0	0	0	46	0	0	0	0	0	57	0	0	25.4881	2.62165
0	76	0	80	0	0	0	0	85	0	0	0	0	0	0	281	77	58	0	0	0	57	57	0	0	0	0	70	0	0	78	38.8426	2.08929
77	0	0	0	0	0	235	0	0	0	0	0	0	0	0	0	73	0	79	57	0	54	0	223	0	0	255	0	0	0	73	53.4185	3.39275
0	77	0	0	0	0	0	0	0	0	0	76	0	57	0	0	0	0	71	0	0	49	0	0	0	0	255	63	0	91	0	33.1026	2.55911
65	72	0	0	0	67	0	59	90	0	0	0	0	0	0	265	0	60	0	0	0	58	0	0	0	230	0	0	0	0	0	42.8007	2.70834
0	0	0	0	0	0	236	0	0	0	0	0	0	46	234	0	0	0	0	0	0	0	0	235	235	0	251	61	0	84	67	66.153	4.53565
0	0	189	0	169	0	0	0	0	0	0	0	70	0	229	280	0	0	0	0	0	0	59	0	0	0	0	60	0	82	0	49.3066	3.95619
0	0	187	0	0	0	0	0	81	0	0	77	0	0	0	0	79	0	69	0	0	59	0	233	228	0	0	0	0	0	0	49.0728	3.26187
0	0	0	0	177	0	0	0	91	80	77	0	0	0	235	282	0	0	0	0	171	52	0	0	223	0	0	0	0	98	0	69.0709	5.31139
71	0	192	0	180	0	232	64	0	0	0	0	0	0	0	0	0	0	0	57	0	59	54	0	0	0	0	72	0	0	66	49.9573	4.21411
0	0	0	0	0	0	0	0	86	0	76	0	0	0	0	0	76	0	72	0	175	0	50	234	235	0	0	0	0	0	0	50.2027	3.40986
0	0	0	0	0	0	229	0	79	0	78	0	0	0	229	0	0	0	0	0	174	57	0	0	235	0	0	0	0	0	77	52.421	3.61834
0	0	191	0	0	0	233	66	80	0	0	74	0	0	235	0	0	0	0	0	0	53	59	0	0	0	0	66	0	97	0	48.3897	3.82179
0	0	0	88	0	0	0	61	0	0	72	0	0	0	234	283	80	0	0	0	0	0	0	225	0	234	0	0	66	0	0	57.4433	4.209
67	0	0	0	0	0	0	0	89	0	0	0	0	0	226	265	0	0	0	0	0	0	0	235	234	227	0	0	66	0	0	63.1584	4.65753
0	0	187	0	0	0	0	0	0	72	0	0	63	50	235	265	0	0	0	47	0	0	0	0	0	0	250	0	0	97	0	52.8204	3.1808
0	0	0	0	0	70	235	0	0	84	0	0	0	0	0	0	0	0	0	0	0	0	0	0	233	219	255	0	0	0	66	55.8841	3.67179
0	0	0	0	0	62	0	63	0	84	0	75	0	50	0	280	0	0	78	0	0	0	0	0	0	0	0	0	0	0	0	31.3237	1.71319
68	0	0	0	0	0	234	0	0	74	79	0	0	0	232	0	0	0	79	0	0	0	0	0	0	0	0	73	0	96	0	40.2274	2.79607
70	0	0	0	0	66	0	0	0	0	0	75	0	0	0	266	78	0	0	51	0	0	50	0	0	0	0	65	0	91	0	34.0711	1.46836
0	78	186	0	0	70	0	0	0	0	0	0	0	0	0	274	74	0	0	0	167	0	0	0	0	0	253	0	62	0	0	50.3012	2.42776
71	71	0	0	0	68	0	0	0	0	77	76	69	0	234	0	0	0	74	0	0	0	0	0	0	0	0	0	0	97	0	35.5829	2.88709
74	0	0	0	0	63	0	0	85	69	0	0	0	0	226	0	0	0	0	0	0	0	0	0	232	0	0	0	0	98	0	38.529	2.74665
0	0	0	0	0	0	234	0	90	79	0	0	64	0	234	0	78	53	0	0	0	58	0	0	0	0	256	61	0	0	0	53.2383	3.84856
0	0	0	86	0	0	0	0	0	0	0	77	68	0	0	269	0	0	0	51	0	53	0	0	236	0	0	71	0	0	71	42.8658	2.44628
72	77	186	0	0	62	0	0	0	0	72	72	0	0	0	0	0	0	0	0	0	0	57	235	0	220	0	0	0	98	0	51.7657	3.74479
0	0	0	0	0	63	228	0	0	0	72	0	0	44	0	0	0	0	0	0	0	0	47	0	236	0	0	0	0	0	66	36.966	2.02394
68	0	182	0	182	0	0	0	0	0	76	0	0	0	0	0	70	0	71	0	175	0	0	226	0	0	0	0	0	0	0	53.0886	4.23238
0	0	0	0	180	0	0	0	0	0	0	0	64	41	234	284	72	0	0	0	0	0	0	0	0	0	0	0	60	0	71	44.686	3.89731
0	0	0	0	0	0	0	0	89	76	0	0	0	0	0	0	0	0	74	0	169	0	0	225	233	0	258	0	0	86	0	59.5469	4.23366
69	0	191	0	179	63	0	0	0	0	78	0	67	0	0	0	0	0	71	0	174	0	0	0	0	0	0	0	66	0	0	47.2766	4.12343
0	73	0	0	0	0	232	66	0	0	0	0	0	0	228	283	0	0	0	0	0	0	0	0	0	233	0	0	64	0	0	48.8822	3.66527
0	0	0	0	0	70	0	60	91	81	0	0	63	0	233	0	0	0	0	0	0	0	0	233	231	0	249	0	0	0	0	62.1129	4.86594
0	0	186	87	0	0	234	67	0	0	0	76	0	57	0	0	0	0	0	0	0	0	0	0	0	219	0	0	66	0	72	46.8654	3.81593
0	77	0	81	169	68	0	57	0	0	0	73	0	0	235	0	75	0	0	0	0	0	0	0	0	0	0	0	0	0	0	39.5951	4.25679
0	0	0	0	0	0	0	0	0	73	0	74	0	0	230	277	0	60	0	0	0	56	49	0	0	0	257	0	0	96	0	48.9322	2.9601
73	0	191	0	180	0	0	0	0	0	77	0	70	45	0	282	0	0	0	0	0	0	0	0	226	0	0	0	67	0	77	60.6308	4.19526
0	0	0	0	0	0	0	0	85	0	0	77	68	0	0	271	0	0	73	0	0	56	0	0	0	0	0	0	0	0	68	30.2257	2.00232
69	0	0	0	0	0	234	56	0	80	0	0	0	0	227	0	0	0	0	0	171	0	0	224	0	226	0	70	0	0	0	60.1457	4.69733
0	74	0	0	177	0	0	0	0	0	0	0	0	0	235	0	71	0	0	0	0	59	58	224	236	0	0	55	0	0	0	57.6023	5.18777
64	0	0	0	0	0	0	57	0	0	79	0	0	56	0	283	80	0	0	0	0	0	54	0	0	222	254	0	0	0	0	51.1267	2.9478
0	0	0	0	0	0	0	0	0	0	0	0	70	0	232	0	0	0	68	0	166	0	0	235	0	221	0	0	0	96	76	51.0483	4.37531
76	69	0	88	173	69	0	0	0	0	0	71	67	0	0	278	0	0	0	0	0	0	54	0	0	0	0	0	0	0	0	44.6466	3.74676
0	76	0	0	178	0	0	0	0	0	71	0	70	54	0	0	70	49	69	51	0	0	0	0	0	0	0	0	0	0	0	36.3477	3.56001
0	0	0	86	172	0	0	0	0	79	0	70	0	0	0	0	0	0	78	0	0	0	60	0	0	0	254	0	64	0	75	47.2335	4.95063
0	0	0	83	174	0	0	0	0	0	0	76	0	0	0	0	0	0	0	47	177	50	0	0	0	0	0	66	0	0	78	36.672	3.79787
73	0	187	0	170	0	222	0	84	0	0	0	0	53	0	0	0	0	78	0	0	0	53	0	224	0	205	0	0	0	0	68.9186	5.52312
0	0	191	79	0	68	0	0	0	0	0	0	0	0	0	0	0	0	0	0	174	54	48	233	227	0	0	0	0	0	0	50.9839	3.06071
0	0	189	0	0	0	0	0	0	79	0	76	70	0	229	0	0	49	0	0	170	0	0	0	0	0	257	0	64	0	0	50.541	3.84399
0	0	0	0	0	0	0	66	0	0	75	0	0	59	235	0	79	0	0	54	0	0	0	0	0	0	0	0	64	0	77	29.5323	2.46623
0	0	0	0	0	0	0	0	0	0	0	0	0	56	0	280	0	0	0	54	0	0	0	0	232	0	251	68	66	0	0	45.6104	2.49446
0	0	0	0	178	0	0	66	0	77	0	0	0	0	0	0	81	0	72	54	0	59	0	0	0	0	0	0	65	0	0	33.9854	3.65822
0	0	183	0	0	0	0	0	0	84	73	75	69	0	0	0	0	0	0	50	176	0	0	0	237	0	255	0	0	0	78	59.2452	3.7686
0	0	0	86	178	0	236	0	0	0	0	78	71	48	0	0	0	49	0	0	172	0	0	0	0	233	0	0	0	0	0	56.5001	5.43394
76	0	0	0	0	0	0	0	0	0	75	0	0	0	0	0	0	0	0	0	0	0	0	235	225	221	0	0	63	0	78	46.0773	3.37594
0	75	0	0	0	0	0	0	82	0	0	73	0	53	0	278	0	45	0	0	175	0	0	0	0	0	0	57	0	0	0	36.1646	2.13191
0	76	0	0	182	0	224	0	91	0	0	77	0	0	234	265	0	0	0	54	0	0	0	0	0	0	0	0	0	0	0	55.7267	5.14722
0	0	185	0	182	0	0	0	79	0	0	0	0	58	0	268	0	0	0	0	0	0	0	0	229	0	0	0	0	0	0	49.9994	3.67964
0	0	0	0	0	59	0	56	87	75	0	0	0	0	0	0	0	61	0	0	0	0	0	0	226	0	0	71	0	95	0	35.0834	2.22612
0	0	0	0	0	0	221	67	0	0	0	0	0	0	226	0	0	0	76	0	0	0	59	0	0	231	0	0	62	0	0	41.4022	3.94477
63	0	0	0	0	0	225	0	79	0	76	0	0	0	228	0	0	0	72	0	173	0	0	235	0	0	0	72	0	0	0	55.686	4.20945
60	0	0	0	0	0	0	58	0	83	0	0	0	0	229	0	0	0	77	44	0	0	0	0	0	0	256	70	54	97	0	44.4275	3.66812
0	0	0	0	182	0	232	0	0	0	0	0	0	0	0	283	79	0	0	0	0	0	0	227	224	0	0	65	0	0	0	63.6006	4.26808
59	0	0	88	0	69	0	0	0	0	0	0	0	0	235	0	0	0	0	0	0	0	59	0	0	0	0	65	0	97	0	27.3073	2.14652
0	0	0	0	0	63	230	66	0	0	78	0	0	53	233	0	0	0	0	0	0	0	0	229	0	0	0	0	58	0	0	45.4986	3.5303
0	71	0	0	0	0	227	0	0	77	0	77	0	0	227	273	82	0	79	0	0	0	0	0	0	0	0	0	0	0	0	47.4225	2.91004
0	0	0	0	0	0	0	0	0	84	72	77	71	0	0	0	0	0	75	58	0	52	0	0	0	0	0	0	60	0	0	24.8955	2.25983
67	0	0	0	181	59	0	0	0	0	78	0	0	0	0	0	78	0	76	0	176	0	0	223	0	233	0	0	0	0	0	59.8413	5.1942
0	0	0	0	0	0	0	0	0	70	0	78	0	58	0	270	0	60	0	0	0	0	0	235	0	0	0	0	0	0	73	37.8269	1.97821
0	0	0	83	0	0	233	0	0	0	74	0	0	54	230	0	0	0	0	0	171	0	0	234	0	0	0	0	0	94	0	52.0097	3.7894
0	71	187	0	0	0	0	0	0	73	0	0	0	57	0	0	0	0	73	0	0	43	0	230	0	0	0	0	0	96	0	37.9352	2.55706
65	0	0	87	0	0	0	0	86	0	78	75	0	0	235	0	81	0	0	0	0	0	49	0	0	0	257	0	0	0	0	44.8373	3.66927
0	0	0	0	0	0	0	0	0	82	0	0	71	0	0	276	0	59	76	59	0	0	0	231	232	230	0	0	0	0	0	62.2616	3.94159
0	0	187	0	0	0	0	0	88	0	79	72	0	0	0	278	80	0	0	0	176	0	0	0	0	0	255	0	54	0	0	55.6051	3.13291
0	0	0	88	0	0	0	0	89	0	0	0	61	0	0	280	0	0	0	0	0	0	55	0	235	222	0	0	64	0	74	52.4001	3.84455
0	0	0	0	0	0	0	0	0	0	78	0	70	48	231	0	0	0	0	0	0	0	0	0	0	222	257	0	0	87	0	42.8276	3.649
0	0	0	0	0	0	0	0	90	0	0	0	0	0	0	0	0	0	0	57	0	0	54	0	0	231	258	0	56	0	0	35.0134	3.44615
0	0	0	0	0	0	0	0	82	0	0	0	0	0	0	0	0	55	66	51	172	0	0	0	0	230	0	0	60	0	74	36.8413	3.291
0	0	0	0	174	0	0	0	90	82	0	0	0	0	0	281	0	0	79	47	0	59	0	0	0	0	0	69	0	0	0	43.3391	3.74779
64	0	0	0	180	65	0	0	0	0	79	0	62	0	0	0	82	0	77	0	173	0	50	0	0	0	0	0	0	98	0	46.6208	3.92328
66	74	185	0	0	0	0	64	89	0	0	0	71	0	0	279	0	0	0	0	177	0	0	0	0	225	0	0	0	0	0	52.965	3.53483
0	74	0	0	0	0	234	0	0	0	76	0	0	0	234	269	80	54	77	0	0	0	0	230	0	229	0	0	0	0	0	69.1533	4.47235
0	0	0	0	0	0	234	0	87	0	0	0	72	59	229	0	0	0	75	0	0	49	0	0	0	220	0	0	0	0	0	45.9555	4.21451
0	75	191	0	0	0	0	0	0	0	78	0	0	0	234	0	0	0	0	0	172	0	0	0	0	228	250	59	55	0	0	57.1868	4.5236
63	0	191	0	178	0	0	0	0	0	0	0	0	0	0	0	0	0	0	48	0	58	0	0	0	0	249	0	66	0	0	41.8313	3.84202
0	0	0	0	0	63	226	0	0	78	0	0	0	0	234	0	81	0	66	0	174	0	58	0	0	0	0	0	65	99	0	49.8763	3.55954
60	0	0	0	174	0	0	0	0	79	0	0	0	48	0	0	0	0	76	0	174	0	0	230	0	225	0	0	59	90	0	60.2301	5.75219
0	0	0	0	181	0	0	0	0	0	0	71	0	52	0	282	0	0	0	0	170	0	54	0	0	0	0	0	0	0	0	39.1889	3.27531
0	0	0	0	0	0	221	0	0	0	0	0	0	0	180	0	0	0	0	0	170	48	0	174	159	170	256	0	0	96	0	67.0307	4.77867
75	0	0	0	170	0	0	0	90	0	0	0	0	0	0	0	0	59	0	0	0	0	0	0	237	227	258	68	0	0	73	63.4754	5.51476
0	0	0	0	0	64	0	0	0	0	0	0	0	0	230	0	0	0	72	0	170	55	0	226	224	0	0	0	64	0	0	51.3257	3.80986
0	0	0	0	180	0	0	66	0	0	0	0	0	0	0	0	0	0	76	55	0	0	0	224	0	229	0	0	66	89	0	49.9997	5.4683
0	71	0	0	0	0	0	0	0	0	0	0	70	55	230	281	0	0	72	0	0	0	0	0	235	0	0	0	63	0	0	46.6599	3.14132
0	0	0	0	181	0	0	0	0	78	79	0	0	43	0	0	0	0	0	0	0	0	0	234	0	228	0	0	0	0	65	46.8004	4.68356
0	0	0	0	0	70	0	67	91	0	0	0	0	50	234	0	0	0	0	50	0	0	0	0	0	0	255	0	64	0	0	39.6803	3.66125
0	0	0	0	179	0	221	0	0	0	0	0	0	43	0	0	0	51	0	0	0	0	58	233	0	0	0	0	0	0	0	41.8056	3.85994
74	0	0	86	0	0	0	0	84	0	0	0	0	0	0	0	0	54	0	50	0	0	0	0	0	0	0	0	58	97	70	25.2219	2.04134
76	0	0	0	0	69	0	68	0	80	0	0	0	0	227	0	0	0	0	0	0	0	0	227	0	0	0	0	65	0	0	35.83	2.96149
0	72	0	0	178	0	0	56	89	0	0	79	0	0	0	0	0	0	0	57	0	0	0	0	0	230	0	0	64	0	0	41.5115	5.30444
0	0	191	87	180	0	0	0	0	0	0	0	0	0	0	0	0	60	79	0	0	52	0	0	232	0	0	0	63	0	0	48.5221	4.16253
0	0	184	0	0	0	0	66	0	75	0	0	0	0	0	0	0	56	0	0	0	57	0	0	0	0	0	70	0	83	77	27.7693	1.48065
0	0	192	0	0	0	0	0	0	71	67	67	0	0	0	232	0	0	0	0	68	0	0	0	230	0	258	0	0	97	0	57.5507	2.87653
0	0	188	80	0	70	232	0	83	0	76	73	0	56	0	0	0	0	0	0	176	0	0	0	0	0	0	0	0	0	0	47.7803	3.17403
62	0	0	87	0	0	0	59	0	0	0	0	71	0	236	0	81	0	0	55	0	0	58	233	0	0	257	0	0	0	0	53.6621	4.31593
0	0	0	0	0	68	0	0	0	72	78	0	0	0	235	0	0	0	0	0	0	59	0	0	224	228	0	0	0	0	77	46.8263	3.43234
65	0	0	0	0	0	0	0	0	0	79	0	64	0	0	0	0	0	74	56	0	0	0	0	226	0	0	0	57	0	0	30.3108	2.13785
0	0	0	88	0	0	231	0	81	79	0	0	0	0	0	0	73	52	0	0	0	50	0	0	0	0	257	62	0	0	0	45.0641	2.94892
71	0	0	0	178	65	0	0	0	0	77	0	0	56	0	283	75	0	0	50	0	0	0	0	0	0	0	0	0	0	0	42.0833	2.80746
71	70	0	0	0	69	233	0	0	0	0	0	68	0	0	0	81	57	0	0	0	56	0	0	238	0	0	0	0	0	0	44.4211	2.20698
73	0	189	86	0	62	0	66	0	0	0	0	0	0	234	0	70	0	0	0	0	55	58	0	0	0	0	0	0	0	0	37.4477	2.52042
0	0	189	0	0	0	237	0	0	0	79	0	0	0	0	0	81	61	0	0	0	0	51	222	0	233	0	0	0	0	72	56.2021	3.48643
0	0	0	0	174	0	221	0	0	0	75	75	70	58	0	0	0	0	72	0	171	0	0	0	225	0	0	0	0	0	0	58.6453	4.98432
68	0	189	0	0	0	235	0	88	0	75	0	0	55	0	0	0	0	0	0	0	0	58	0	235	0	0	0	57	0	0	49.9395	3.19682
0	0	0	0	0	71	0	0	0	71	76	0	64	0	228	266	0	0	0	54	0	0	0	0	0	234	0	63	0	0	0	47.4502	3.26596
0	0	0	85	0	68	0	0	0	0	0	0	62	0	0	0	0	61	67	0	0	49	57	0	0	0	0	65	0	84	0	26.8426	1.83716
0	74	0	0	0	0	0	59	0	0	0	72	0	42	0	0	0	47	0	53	171	0	0	0	0	225	0	0	0	0	0	33.7599	2.94149
72	71	0	0	0	69	0	0	84	0	0	0	0	0	230	0	0	0	0	0	0	0	0	224	233	0	0	61	0	95	0	51.9188	3.83998
0	77	0	0	179	0	0	0	0	0	0	0	0	50	0	268	0	0	0	0	0	56	56	233	231	0	0	0	63	0	0	59.4146	4.73536
61	0	0	0	0	63	0	67	0	0	0	70	64	0	0	279	0	0	0	44	176	0	0	0	236	0	0	0	0	0	0	48.1106	2.5342
0	75	189	81	0	0	0	0	83	0	75	0	0	0	0	0	0	0	0	0	0	0	58	0	237	0	253	71	0	0	0	52.4219	3.61249
0	0	0	81	0	0	0	0	0	83	0	0	0	51	235	0	80	0	0	0	0	0	0	0	0	231	0	61	0	0	0	34.8118	3.01886
0	77	0	0	0	0	221	0	0	0	79	0	0	0	0	0	0	49	0	0	0	0	57	224	0	0	0	64	0	0	0	35.7988	2.35509
0	74	0	0	0	0	0	0	88	70	0	0	0	0	0	0	73	0	0	43	0	0	0	0	0	0	0	62	0	0	0	18.5789	1.53022
0	71	0	0	0	0	0	0	0	0	0	78	69	0	235	0	76	0	0	0	0	0	0	0	225	221	252	0	0	0	0	54.9208	4.45667
0	0	0	0	0	0	232	0	0	0	0	75	0	0	0	0	0	59	0	0	0	0	53	0	0	228	0	57	53	99	0	37.3882	2.99353
0	74	0	83	0	62	0	0	88	0	79	0	0	0	229	0	0	0	0	0	0	0	0	0	0	220	0	0	0	93	0	40.173	3.73102
0	0	0	0	0	0	0	65	0	0	0	0	0	58	0	0	0	55	80	51	0	52	0	235	0	0	0	58	62	0	0	34.0439	2.71975
0	0	0	0	0	0	0	0	0	0	77	0	63	0	0	0	0	48	0	51	168	57	55	0	0	0	0	0	66	0	79	28.8065	2.09619
0	0	0	81	0	0	233	0	0	0	0	0	0	0	234	0	0	48	0	0	0	57	0	0	227	0	0	72	59	0	78	47.4839	3.33049
0	0	0	86	0	0	0	64	0	0	79	72	0	0	0	0	0	0	0	0	0	0	0	0	237	0	256	0	58	0	72	43.4392	3.23247
0	71	0	0	0	0	0	0	0	70	0	75	0	55	234	0	0	45	0	54	0	0	0	232	0	228	0	0	0	0	73	50.5388	4.47147
74	77	0	0	0	0	0	0	87	69	0	0	0	0	226	0	0	56	0	0	0	0	0	232	0	0	0	0	0	0	63	39.4179	3.21553
74	0	0	0	0	0	0	0	0	70	0	0	0	0	226	0	0	0	79	0	0	0	0	226	0	229	249	0	61	0	0	55.2285	4.77201
0	75	0	86	0	0	0	65	0	0	0	0	0	55	0	0	80	0	0	52	0	48	0	0	234	0	0	0	0	98	0	36.6313	2.4108
66	0	0	0	0	0	0	63	0	81	0	0	0	0	0	0	0	0	0	0	0	0	0	0	0	234	257	72	0	0	64	37.6164	2.94303
0	0	0	81	0	0	226	0	78	0	75	77	0	0	0	0	0	0	0	0	0	0	0	229	0	0	0	0	0	86	0	39.9047	3.11567
0	0	0	0	178	0	0	0	0	0	76	73	0	58	226	0	0	0	0	0	0	0	0	235	0	0	255	67	0	0	0	56.5951	5.47643
61	72	0	0	178	0	0	0	80	71	74	0	0	0	0	0	78	0	0	0	168	0	0	0	0	0	0	0	0	0	0	39.8811	3.74028
59	0	0	0	0	67	0	0	78	70	80	0	71	0	0	0	78	0	0	0	173	0	0	0	0	0	0	0	0	99	0	35.005	2.14546
73	69	185	0	0	64	0	0	0	0	0	76	0	0	229	283	0	0	0	0	0	0	0	0	0	234	0	0	0	99	0	53.8333	3.4324
0	0	0	0	174	63	0	0	0	0	0	0	0	0	229	0	0	0	78	0	0	0	0	0	235	0	249	0	0	91	73	58.9921	5.12657
62	0	0	0	177	69	0	0	0	78	74	75	0	0	0	0	0	0	0	56	0	0	0	227	0	222	251	0	0	0	0	65.3491	5.949
0	73	187	0	0	0	0	0	0	0	78	0	0	0	0	0	0	0	74	58	174	49	0	0	232	0	257	0	0	0	0	55.9245	3.44674
58	0	186	81	0	0	0	60	88	0	77	0	0	0	0	0	81	0	0	0	0	48	59	0	0	0	255	0	0	0	0	45.2107	3.02817
0	0	0	0	182	0	0	0	89	0	79	0	69	59	0	0	0	51	0	58	167	0	0	0	0	0	0	0	0	0	0	39.7146	4.04981
0	0	0	0	0	70	0	0	0	72	73	0	0	0	0	272	81	0	0	0	0	0	0	0	0	0	0	0	55	94	0	30.1248	1.07378
0	0	0	0	169	0	0	0	0	0	79	0	0	55	235	0	81	0	69	0	0	0	0	0	0	231	0	0	60	98	0	50.5263	5.17209
0	0	0	86	0	70	236	0	0	0	0	0	0	0	230	0	0	0	0	0	0	58	57	0	0	0	255	0	0	0	0	43.9752	3.24671
0	0	0	0	182	70	0	0	82	0	74	0	62	0	0	0	0	46	72	43	0	0	0	0	0	0	0	0	0	0	0	35.3766	3.72283
76	72	186	0	0	70	0	0	82	0	0	0	0	50	0	0	0	0	0	0	0	0	0	0	229	0	0	0	0	0	77	39.8185	2.36474
0	0	0	88	183	0	0	0	0	0	0	0	71	0	233	268	0	0	0	0	0	0	56	224	0	0	0	69	0	0	0	54.6032	4.94747
0	0	184	0	0	70	0	0	79	80	0	68	63	0	0	0	0	0	0	53	0	0	53	0	0	0	0	67	0	93	0	35.6824	2.69346
0	0	191	80	0	0	0	0	91	71	0	0	0	46	0	0	72	0	71	0	0	0	0	0	0	0	0	72	0	99	0	35.5803	2.44824
0	0	0	0	173	0	236	60	0	0	0	0	68	0	0	0	81	0	0	52	176	53	0	232	0	0	0	0	0	0	0	56.146	4.83253
0	0	0	0	0	0	0	62	82	83	0	0	0	0	0	0	73	0	0	0	0	59	0	0	232	226	0	0	0	0	0	39.2186	2.99351
0	72	0	0	0	0	0	0	0	81	0	0	0	53	0	0	77	0	0	0	167	0	0	0	0	227	0	0	0	0	0	30.5324	2.31229
74	0	0	81	0	0	223	0	0	0	73	0	0	0	229	0	0	0	0	50	176	55	59	0	0	0	0	0	0	0	0	44.1076	3.1938
0	74	191	0	177	0	0	0	0	0	72	0	71	58	0	280	0	0	0	0	0	0	0	234	0	0	250	0	0	0	0	66.8938	4.95688
0	0	190	0	0	0	237	0	80	0	75	0	0	41	0	0	0	0	68	0	0	52	58	0	0	233	0	0	0	0	0	47.9914	3.61732
58	0	189	86	0	0	0	0	0	0	77	0	0	0	0	0	0	0	0	0	0	47	0	0	0	0	0	59	0	0	65	24.3106	1.28737
0	0	0	87	177	0	0	0	82	0	0	71	0	0	0	0	0	57	73	56	0	0	59	233	0	0	0	0	0	0	0	47.9943	5.11623
70	0	0	81	0	0	230	0	0	72	0	78	0	0	233	0	77	0	0	0	0	0	54	0	0	0	253	0	0	0	0	50.5185	3.71629
0	73	0	0	0	0	221	0	0	0	0	0	0	0	0	0	0	61	79	0	0	0	55	226	0	223	0	70	55	87	0	52.6963	4.17053
0	0	0	82	0	0	220	0	0	0	75	0	0	0	0	0	79	0	0	0	0	0	0	229	0	232	0	64	0	0	0	45.3432	3.26159
61	0	183	0	0	0	0	0	0	0	0	0	0	57	0	0	80	0	0	0	0	56	0	0	0	0	249	0	62	87	0	36.0733	2.03961
0	77	0	0	0	0	0	0	0	81	0	0	0	0	232	0	0	50	0	54	169	0	0	228	228	0	0	0	0	0	0	51.7382	3.7227
0	76	0	0	169	0	230	55	0	0	0	78	69	0	0	0	72	0	0	0	0	0	57	228	232	0	0	0	0	0	0	63.6982	5.52376
58	77	190	0	0	68	0	0	0	0	0	0	0	0	0	0	0	62	0	0	174	0	0	235	0	227	0	0	66	0	0	52.5587	3.66843
0	73	0	0	171	0	0	66	0	0	0	0	0	0	228	265	0	0	71	0	0	0	0	0	0	0	254	64	0	0	78	58.058	4.97557
68	0	0	0	176	61	0	0	0	82	0	0	0	57	235	0	0	0	0	0	175	51	0	235	224	0	0	0	0	0	0	67.1604	5.58158
0	0	186	87	0	0	0	0	0	84	75	0	72	0	0	0	80	0	0	58	0	0	0	0	231	0	0	0	54	0	75	45.5892	2.83222
76	75	184	0	0	0	0	0	0	83	0	0	0	0	0	0	0	0	0	0	0	0	53	0	236	0	0	73	0	0	73	38.3487	2.17683
0	0	0	0	0	68	224	0	0	70	0	0	67	58	0	269	0	0	0	44	0	0	0	0	227	0	0	57	0	92	0	53.1449	2.61211
0	0	188	0	0	0	0	0	0	0	0	0	0	53	0	0	0	0	79	0	172	0	57	0	224	227	0	0	0	0	0	47.6282	3.311
0	75	0	87	0	0	0	0	0	0	80	0	68	57	0	277	0	0	0	0	172	0	52	0	0	218	0	0	66	0	0	49.3523	3.56056
0	0	0	88	0	63	0	63	0	0	0	74	0	0	0	0	0	0	0	49	172	51	0	0	0	0	0	69	0	95	78	34.5486	2.53654
0	76	187	88	0	64	0	0	0	0	0	0	0	0	0	0	0	0	0	0	0	0	0	0	226	0	254	0	0	93	0	45.8234	2.73335
0	74	0	0	0	0	236	66	0	0	0	0	0	0	0	0	0	0	78	51	0	0	0	0	0	0	249	0	0	0	73	38.9538	2.89772
0	0	0	0	179	0	0	0	0	0	71	73	0	0	0	0	75	0	77	0	172	0	0	0	0	0	0	0	0	0	0	34.3559	3.3662
0	76	0	0	0	0	236	0	0	0	0	0	0	0	0	275	0	54	0	0	0	46	0	0	234	229	0	0	0	93	0	55.5288	2.98842
0	70	0	0	0	0	0	0	78	0	73	0	0	0	0	273	0	0	0	0	0	46	45	230	0	0	0	0	64	0	76	41.7715	2.77142
0	0	192	89	0	0	0	66	0	83	0	0	67	0	0	269	0	47	0	0	0	55	0	0	0	0	0	65	0	0	0	38.7551	1.89091
0	0	184	81	0	0	0	0	0	71	0	71	0	0	0	0	0	0	0	0	0	58	0	0	234	0	252	0	0	0	0	44.3953	2.80138
71	0	191	0	169	0	226	0	0	81	0	0	0	0	0	0	0	61	0	0	0	58	0	0	237	0	0	70	0	0	0	57.4317	3.99154
0	74	190	0	0	0	0	0	84	80	0	0	0	55	0	282	0	0	0	47	0	0	0	0	0	0	0	0	0	97	0	38.7254	2.10321
0	0	189	84	0	0	0	65	0	80	0	0	0	0	0	0	0	48	0	0	0	0	57	0	0	0	0	69	0	96	0	29.3352	1.87379
0	77	191	84	178	0	234	0	0	79	76	0	0	52	0	0	0	0	0	0	0	0	0	0	0	0	254	0	0	0	78	63.1504	5.1463
0	0	0	87	0	0	0	65	0	74	0	69	0	0	233	0	0	0	79	0	0	60	0	0	0	0	0	0	55	0	0	30.6272	3.08284
0	0	185	89	181	0	0	67	0	0	0	70	67	0	0	0	0	49	0	0	0	0	0	0	235	0	0	0	0	0	0	47.877	4.29141
0	0	0	0	0	0	0	0	84	70	0	0	0	0	0	0	80	57	0	55	175	0	0	0	0	0	0	58	0	85	70	32.7636	2.07357
0	0	0	83	0	0	0	61	0	0	0	0	0	0	233	0	0	0	0	0	0	53	0	0	0	234	251	67	0	90	69	48.0906	4.14555
0	0	190	83	0	67	0	0	0	0	77	0	0	58	0	0	0	0	0	0	168	0	59	0	0	0	0	0	0	0	0	31.9168	1.87566
0	0	0	83	0	0	0	0	90	80	0	0	0	0	0	0	76	0	0	0	0	0	0	0	0	0	0	61	66	99	78	26.9605	2.20089
0	0	0	83	0	69	0	0	0	0	0	72	71	0	0	273	0	0	0	54	174	0	0	226	0	0	0	61	60	0	0	50.1812	3.31668
0	0	0	86	0	63	0	61	0	0	0	66	71	0	0	0	77	0	76	0	175	0	0	0	0	0	252	0	0	94	0	46.8829	3.37491
59	0	0	0	175	69	0	66	88	0	0	78	0	0	0	282	0	0	0	0	0	0	0	229	0	0	0	72	0	0	0	54.5209	4.54647
0	72	0	84	169	0	0	0	0	0	79	69	0	0	0	0	0	0	0	0	0	0	0	0	0	0	0	61	0	94	78	33.7899	3.55607
0	73	0	0	0	0	225	0	84	82	75	0	0	0	230	0	0	51	0	0	176	0	0	0	0	0	0	0	59	0	0	46.1889	3.65348
0	0	0	0	0	0	0	0	0	0	78	0	0	58	229	277	72	0	0	51	0	0	0	0	0	234	255	65	0	0	0	56.5454	3.697
76	0	0	85	0	0	0	0	0	0	0	0	0	52	0	275	0	0	0	0	0	59	0	0	0	0	254	0	67	0	0	37.2196	2.04666
70	74	0	0	0	66	0	0	83	0	0	0	0	0	0	0	0	0	0	0	0	57	51	0	0	0	0	69	56	0	76	26.0193	2.11988
0	0	0	0	0	61	0	0	81	0	0	75	0	51	0	0	0	0	0	45	0	60	0	235	0	230	0	0	0	94	0	43.7037	3.78089
0	77	0	0	0	0	0	0	80	0	77	0	66	55	0	0	0	47	0	0	0	0	0	234	0	0	0	72	67	0	0	35.5732	3.0241
70	0	0	84	0	63	0	0	0	69	0	0	0	48	0	0	0	0	73	45	0	58	0	0	0	0	0	0	57	0	0	26.6161	2.01941
0	0	181	0	182	65	0	0	89	0	0	0	0	0	230	0	0	0	0	51	0	0	0	228	0	0	0	0	0	0	0	50.6965	5.02577
0	0	0	0	182	0	0	0	89	0	79	78	0	0	0	0	0	59	0	56	0	0	0	0	0	0	0	0	63	0	0	32.4534	3.84022
0	71	0	0	0	0	230	0	0	0	0	0	0	0	225	274	0	0	0	58	0	0	59	0	227	0	0	0	65	99	0	56.0322	3.56203
0	0	0	82	171	0	0	0	0	84	0	0	71	0	0	0	0	0	80	0	173	0	49	0	0	0	254	0	0	0	0	49.1053	4.76772
0	0	183	0	0	0	0	58	0	0	0	0	0	41	0	279	81	0	0	0	0	0	48	224	0	228	0	0	0	0	0	50.5163	2.94762
0	77	190	0	0	0	0	0	0	0	75	0	0	0	233	0	0	0	0	0	0	0	0	0	232	0	257	69	0	0	72	52.9605	3.48508
0	73	0	0	0	0	0	0	0	0	0	0	0	47	0	0	0	0	80	57	0	60	0	230	0	0	254	0	0	88	0	42.1466	3.1797
64	76	0	0	172	0	0	0	89	0	0	76	0	0	234	0	0	0	0	57	0	59	0	0	0	0	255	0	0	0	0	51.5378	5.44768
0	0	184	0	0	0	0	0	0	83	72	0	0	55	0	0	0	59	79	0	0	0	0	0	0	0	0	59	65	0	72	32.591	2.01781
0	0	0	86	0	70	0	0	0	0	79	0	0	43	0	0	0	0	78	0	0	54	0	0	237	226	0	0	63	0	78	48.4094	3.62063
0	69	186	0	0	0	0	0	0	0	0	77	0	0	227	0	78	0	0	0	167	45	0	0	234	0	0	0	0	85	0	50.2074	3.22042
75	0	0	0	0	0	226	0	0	0	77	76	64	0	0	0	0	58	0	0	0	0	59	0	228	0	0	0	60	0	0	43.1365	2.78801
0	0	0	85	0	0	234	0	81	70	75	0	0	49	0	0	0	61	0	0	170	0	0	0	0	0	252	0	0	0	0	51.1006	3.43635
0	0	186	0	0	67	0	0	0	79	0	0	62	0	230	0	0	0	71	0	0	54	0	0	237	0	0	0	0	96	0	48.1762	3.14144
0	0	0	0	0	68	0	0	0	0	0	72	0	55	0	0	77	55	70	0	0	0	58	0	0	234	0	0	0	0	64	35.607	2.65225
63	77	0	0	0	0	235	0	0	73	0	0	71	0	225	0	0	0	0	0	172	46	58	0	0	0	0	72	0	0	0	45.8518	3.44503
0	0	0	82	179	0	0	0	0	0	0	76	0	0	0	282	0	0	0	0	0	0	0	0	0	219	253	68	63	0	0	57.0596	5.15666
0	70	0	0	0	0	221	0	90	0	0	74	0	0	236	283	78	0	0	0	0	0	0	0	0	0	250	0	0	0	74	59.0177	3.88504
0	0	187	0	0	59	0	65	0	0	0	0	70	0	0	0	75	0	66	0	0	0	0	0	0	230	0	63	0	97	0	40.101	2.83139
0	0	0	0	0	0	0	0	0	0	74	0	0	56	0	0	0	53	0	0	173	57	0	0	232	229	0	72	0	93	74	50.6209	3.20512
0	74	0	0	0	0	0	0	0	0	0	0	0	45	0	0	0	0	0	54	0	0	47	0	223	0	0	64	64	0	68	29.2868	2.2347
0	0	0	83	0	0	0	0	0	0	79	0	68	0	0	0	78	0	76	0	0	49	0	0	0	230	257	0	0	94	0	46.1341	3.49599
74	72	0	0	180	0	0	61	0	0	0	0	0	0	0	281	76	61	0	0	172	0	0	0	0	0	0	0	0	0	0	46.3372	3.20445
76	75	0	0	169	0	0	0	0	0	0	0	0	0	0	0	0	53	0	0	0	0	56	0	223	226	0	0	0	99	0	49.0165	4.41085
0	0	0	0	0	0	0	58	0	0	76	76	63	0	234	0	0	0	0	0	0	0	46	0	231	233	256	0	0	0	0	57.729	4.84452
0	0	0	0	182	0	0	0	0	83	0	0	0	0	235	0	0	0	0	0	0	0	0	233	214	226	255	0	0	85	0	73.7619	6.73387
0	0	186	0	174	0	235	0	0	76	0	79	0	0	0	0	0	51	78	0	0	0	55	234	0	0	257	0	0	0	0	71.4134	5.86231
69	71	0	0	179	0	0	0	0	0	0	79	0	0	230	273	0	0	0	0	0	54	49	0	0	0	0	67	0	0	74	50.1863	4.35435
0	70	0	88	0	0	0	0	88	0	0	0	69	0	235	0	0	53	0	0	0	0	0	0	0	0	0	62	65	0	0	29.9745	3.10001
0	0	0	0	171	58	0	0	0	0	0	76	0	0	0	0	0	0	0	0	0	56	0	0	229	0	0	0	0	0	0	32.5433	3.07652
0	0	0	0	177	59	0	65	0	0	0	0	69	0	0	275	0	57	0	0	0	0	0	0	0	0	0	64	59	84	0	42.1669	3.37974
0	68	0	0	169	0	0	0	0	0	0	0	71	0	0	0	0	47	79	0	175	0	59	0	0	231	0	0	0	0	78	48.3715	4.91544
0	0	0	0	174	0	0	0	85	0	0	0	0	44	0	0	81	0	0	0	0	49	0	235	0	0	0	64	0	98	64	44.5378	4.17058
0	73	0	88	0	0	0	0	88	0	76	0	67	41	0	0	0	0	0	0	0	52	0	0	0	0	0	0	66	99	0	27.8955	2.61645
0	0	0	0	0	62	0	60	88	0	0	73	0	58	0	267	0	0	0	0	0	58	0	230	0	0	254	0	0	0	0	53.1861	3.48809
0	0	186	0	0	0	229	0	88	74	0	0	0	0	233	0	0	61	0	0	0	0	0	0	0	0	0	63	0	96	0	43.8653	3.01771
0	77	0	0	0	0	229	66	0	0	0	0	66	0	0	272	0	54	0	0	173	0	0	0	0	0	256	0	65	0	0	55.0276	3.2844
0	71	0	87	178	0	0	0	0	0	0	0	0	45	233	0	81	0	0	46	0	0	0	0	0	0	251	0	0	0	0	47.6487	4.77839
0	0	0	85	0	0	0	67	0	81	79	0	0	0	0	283	0	0	0	0	0	0	0	0	237	234	254	0	0	0	0	60.8243	3.77248
65	0	0	0	0	0	231	0	81	0	73	76	0	0	0	278	75	0	0	0	0	0	0	0	0	0	0	0	0	0	0	38.7163	1.8691
0	75	0	0	0	0	0	0	89	74	0	77	0	0	0	0	0	0	78	53	175	0	59	0	0	0	257	0	0	84	0	47.7254	4.00916
0	0	190	86	0	0	0	0	0	0	77	0	62	0	0	282	0	0	0	0	0	0	0	0	0	0	255	0	0	92	76	47.3885	2.35223
76	0	0	0	0	0	0	0	0	0	77	75	0	0	233	0	0	0	0	0	174	0	55	226	0	0	0	0	0	100	0	43.926	3.36677
0	0	192	0	182	63	0	0	78	0	0	0	0	55	0	0	0	0	0	0	171	0	0	235	0	0	256	0	60	0	0	64.765	5.68367
0	0	0	0	0	0	0	0	0	83	80	76	0	0	0	0	77	0	0	0	0	0	0	234	0	0	252	0	0	0	0	38.1928	2.57604
72	0	0	88	0	0	235	0	0	81	0	0	0	54	0	0	0	0	0	54	0	0	55	226	0	0	0	0	67	0	75	46.5284	3.50776
0	0	188	80	180	0	0	0	0	0	0	0	70	56	231	0	0	0	79	0	0	0	0	230	0	229	0	0	63	0	0	66.6643	6.79535
0	0	0	85	0	0	0	60	90	0	76	0	0	0	0	0	0	45	67	0	0	0	0	0	0	0	252	0	0	99	0	36.8706	2.87791
72	74	191	0	0	65	0	0	0	0	79	0	0	53	0	0	0	0	0	58	0	0	0	0	228	221	0	0	0	0	68	51.6663	3.27294
0	70	0	0	167	0	0	0	89	71	0	0	0	0	229	0	0	0	77	56	0	0	0	0	0	0	256	67	0	0	0	52.7556	5.54748
0	0	191	0	0	0	0	0	86	0	0	0	0	0	0	271	0	0	69	49	174	53	0	0	0	0	0	0	0	94	0	42.7936	2.29121
0	0	187	0	0	71	0	57	89	78	71	0	69	0	0	0	0	0	0	58	0	0	0	0	0	0	256	0	0	90	0	47.1301	3.32424
0	0	0	88	0	0	0	56	0	70	79	0	0	0	0	0	0	0	0	0	0	0	55	0	0	225	0	0	57	0	70	31.0663	2.89556
0	0	185	0	171	0	0	0	0	72	77	0	0	0	0	0	0	0	0	0	0	0	0	223	0	0	255	0	0	0	0	49.9385	4.21826
64	0	0	0	0	0	228	0	0	0	0	0	67	58	0	280	0	0	0	0	0	0	0	0	232	219	255	0	0	0	0	64.3956	3.73836
0	68	0	0	0	0	0	0	87	0	0	0	0	0	227	269	53	0	80	0	0	0	0	0	0	233	257	68	0	0	66	61.0819	4.55569
0	70	0	0	182	70	220	58	0	0	0	78	0	0	0	0	0	0	0	0	170	0	53	230	0	0	0	0	0	98	0	60.6218	5.44106
0	0	189	0	0	0	230	59	79	0	0	0	0	0	0	0	0	56	0	0	171	0	0	0	0	0	0	60	62	98	0	43.9164	2.91153
0	0	0	0	175	0	0	0	0	74	0	0	71	0	228	0	77	56	0	0	0	59	0	0	0	0	0	0	56	0	0	37.1076	3.83902
0	0	0	80	0	0	235	0	90	0	0	73	0	47	0	283	74	0	0	0	0	0	48	0	0	0	0	69	0	0	0	43.7937	2.60764
0	0	191	0	0	66	0	65	0	73	0	0	0	43	234	0	0	0	76	0	0	0	55	0	233	0	0	0	0	0	70	50.6337	3.48948
0	69	190	0	0	65	0	0	0	0	0	0	0	0	235	0	80	0	0	0	171	55	58	0	0	0	0	72	0	0	0	41.1279	2.6415
0	0	188	0	0	67	0	63	0	0	73	0	0	0	0	0	0	48	0	54	0	0	0	232	234	0	0	69	0	0	78	52.5691	3.00788
0	72	183	0	0	0	234	0	0	0	0	79	64	53	0	0	0	0	74	0	0	51	0	0	0	0	0	0	67	0	0	38.6621	2.94847
0	71	0	0	173	0	0	0	0	0	75	0	63	0	234	283	0	0	0	0	0	0	0	234	0	0	0	0	65	96	0	57.9702	5.051
0	0	0	89	0	69	0	0	90	0	0	0	0	0	0	0	0	49	73	0	0	0	57	0	0	222	0	72	0	0	0	34.5707	3.067
0	0	0	0	0	0	226	0	0	0	0	0	0	0	0	0	0	0	0	58	0	0	56	0	227	224	254	63	67	0	0	55.1246	4.18138
0	0	0	80	0	0	0	59	91	0	0	77	0	0	0	0	0	0	0	0	170	0	0	227	0	0	0	63	0	0	68	38.4968	3.34137
0	0	0	0	179	69	0	66	0	0	0	0	0	0	0	0	0	0	0	0	0	48	54	227	0	231	252	56	0	0	0	59.4176	5.67284
0	72	0	83	0	71	237	0	85	0	0	0	64	0	0	0	0	0	0	0	0	0	59	0	235	0	0	0	0	0	0	43.8116	3.21408
0	0	0	88	0	0	0	68	80	0	0	76	69	0	0	0	0	0	0	0	0	0	57	0	0	0	251	66	58	0	0	36.4322	3.59008
0	0	0	0	0	0	0	0	86	0	0	0	65	0	228	275	0	0	0	44	171	53	0	0	0	219	249	0	0	0	0	59.8839	4.48557
0	0	189	0	0	70	0	0	0	82	0	0	0	0	0	0	0	0	77	0	0	0	0	0	229	0	0	62	0	0	65	36.9763	1.98873
0	0	0	0	0	0	237	0	0	83	78	78	0	0	0	0	0	0	0	0	0	0	0	234	233	0	252	0	0	0	77	61.3391	3.98536
0	0	0	0	182	0	0	0	88	74	77	67	0	0	0	0	0	0	77	0	0	0	0	0	225	224	0	0	0	0	0	53.9713	5.43553
0	68	0	0	0	68	226	0	0	80	0	0	0	54	0	269	81	0	76	0	0	0	0	0	0	230	0	68	0	0	0	54.7657	3.16593
72	76	0	0	182	0	0	0	0	0	78	0	0	48	233	0	0	0	0	53	0	0	0	0	0	0	0	0	0	0	78	39.0149	4.08997
0	0	0	82	177	0	234	0	0	0	0	0	0	0	235	0	0	62	0	59	170	0	0	0	237	0	253	0	0	83	0	76.8224	6.23163
76	0	0	0	0	59	226	0	0	0	72	0	0	0	0	0	0	0	0	0	172	0	0	0	0	229	254	0	0	0	68	53.3539	3.49851
0	0	0	0	0	0	0	0	0	0	79	75	0	52	0	0	72	55	0	0	173	0	47	0	236	0	0	0	0	0	74	40.9064	2.28346
67	0	0	86	0	70	0	0	0	0	0	69	0	0	232	0	0	57	0	49	0	0	0	0	0	0	0	71	0	0	0	29.7573	2.30037
0	0	0	88	0	0	0	0	0	0	0	0	0	42	0	269	0	0	0	58	173	0	0	234	229	0	0	72	60	0	71	58.7379	3.53497
0	0	182	0	0	0	237	64	0	0	76	70	0	0	232	281	0	0	0	0	0	0	0	150	0	223	0	0	0	0	0	65.0775	4.3289
0	0	0	88	0	0	0	0	87	82	0	0	0	56	0	0	0	55	0	0	174	44	0	0	0	0	0	0	0	0	71	30.3389	2.22437
0	0	0	0	0	0	223	66	0	0	74	0	66	56	0	0	0	0	0	55	0	0	48	0	0	0	0	0	0	0	65	29.8434	2.20251
0	0	0	0	174	63	0	66	0	0	0	0	0	55	0	0	0	0	0	0	0	54	0	0	0	225	0	64	59	0	0	37.8775	4.20106
0	74	0	0	0	0	228	0	0	70	0	73	0	0	0	0	0	0	65	54	0	0	0	0	0	230	0	66	0	91	0	42.7213	3.54472
0	67	0	82	0	0	139	0	90	0	0	0	0	0	0	269	0	0	0	0	0	58	59	0	0	227	257	0	0	91	0	59.0181	4.1865
0	0	0	0	180	0	227	63	0	0	75	0	0	0	235	0	0	0	79	0	0	43	0	0	0	232	0	0	58	0	0	56.8185	5.89235
65	0	0	0	0	0	0	67	0	0	74	0	0	0	0	0	81	0	71	0	0	53	0	229	0	0	256	69	0	97	0	48.9656	3.1456
0	0	191	87	0	70	226	0	0	0	0	0	0	0	0	283	0	0	0	0	168	19	56	0	234	0	0	0	0	0	66	62.9873	2.96251
0	0	0	0	0	0	0	0	85	0	0	0	65	59	0	0	0	0	0	0	0	59	60	0	0	227	257	0	0	0	0	37.7286	3.43417
0	0	0	84	0	0	236	0	0	0	0	0	65	0	0	0	74	61	0	43	0	0	0	0	0	224	0	0	63	86	65	44.0285	3.30065
59	0	0	0	0	0	0	0	0	72	0	0	0	0	228	279	0	51	0	0	0	0	0	0	0	228	0	0	64	0	72	43.1132	2.90529
0	76	0	0	0	64	0	0	81	0	0	0	0	0	0	0	0	55	0	48	0	58	0	233	0	0	252	0	0	94	78	48.6214	3.46357
0	74	0	0	169	65	237	0	0	0	0	0	70	0	0	0	0	0	0	0	176	0	0	0	232	0	0	0	0	0	0	52.2202	4.28773
0	77	0	0	0	0	0	0	88	0	0	0	0	0	235	0	79	61	0	0	0	55	0	228	231	0	0	0	0	0	0	48.7954	3.52525
0	76	0	0	0	68	0	63	0	0	0	0	62	58	232	283	69	0	0	0	0	0	48	0	0	0	0	0	0	0	0	39.5649	2.44004
0	0	191	0	0	0	0	0	0	0	0	72	66	52	0	0	0	58	79	0	173	0	0	0	0	234	252	0	66	0	0	56.6054	4.38566
0	0	182	0	0	0	0	0	90	83	0	0	0	0	0	277	0	61	0	0	0	0	0	0	0	0	258	69	0	0	0	44.9376	2.2475
73	0	0	0	0	0	0	0	88	71	0	0	70	0	0	0	78	0	0	57	0	57	48	233	0	0	0	0	0	0	0	36.3866	2.78354
0	70	0	0	0	0	0	0	81	0	73	0	0	58	0	0	0	0	0	0	0	59	0	230	232	0	253	0	0	0	0	51.8626	3.68269
0	0	0	85	0	65	0	63	0	0	0	0	0	56	0	0	0	0	0	54	0	43	58	0	0	0	0	0	0	0	64	22.518	1.77633
0	76	186	0	177	0	0	66	80	0	0	0	0	0	0	0	0	0	0	0	0	0	0	0	236	235	0	0	0	0	70	56.3297	5.34083
65	0	0	83	177	0	0	0	0	0	0	78	0	0	0	0	76	0	0	0	0	0	0	0	237	0	0	70	61	0	0	42.8099	3.96615
0	0	191	0	181	0	237	64	87	0	0	67	0	0	0	276	0	0	0	0	0	0	51	0	0	0	0	0	0	0	0	54.9551	4.42607
58	0	0	0	0	0	236	0	0	73	0	0	0	0	0	0	0	49	0	0	0	0	0	0	0	234	0	0	0	87	0	33.2386	2.23485
0	0	0	0	0	0	0	0	0	0	0	69	70	0	0	0	0	0	0	57	0	54	0	0	0	0	0	0	0	92	78	17.1442	1.41729
72	0	0	82	172	70	0	0	0	0	0	68	69	0	0	0	0	0	72	0	0	0	0	0	0	0	0	0	0	97	0	35.8925	3.69435
0	0	0	80	0	0	0	67	0	0	0	0	0	0	0	279	0	0	0	0	0	0	0	235	0	221	257	0	0	0	0	51.6954	3.53881
69	0	0	0	0	65	236	0	0	0	78	0	0	0	229	0	0	0	74	0	174	0	0	0	0	0	0	0	0	99	0	45.1905	2.94562
0	0	191	0	0	0	0	61	77	0	79	0	0	0	0	281	0	0	0	0	0	57	0	0	0	0	0	0	55	0	0	33.5776	1.76583
0	77	0	0	0	62	0	63	89	83	0	75	0	0	232	0	81	0	0	0	175	0	0	0	0	0	0	0	0	0	0	40.9653	3.44425
0	70	183	0	0	0	0	0	81	85	76	0	0	0	0	0	81	55	0	0	0	53	0	0	0	232	0	0	0	0	0	41.195	2.82667
0	0	0	87	173	0	0	0	84	0	72	70	71	0	0	0	0	0	0	0	0	0	0	0	0	0	0	0	0	92	65	35.5537	4.04172
57	75	0	88	0	0	236	0	0	77	0	0	63	0	0	267	0	0	67	0	0	0	0	0	0	0	0	70	0	0	0	43.3795	2.48153
74	0	0	0	0	0	0	56	0	0	0	0	0	0	235	0	73	56	0	47	0	0	0	0	237	0	0	0	65	0	0	37.6052	2.58849
0	0	0	82	0	0	0	0	0	0	78	78	0	0	0	276	0	60	0	0	0	0	0	0	0	222	0	0	0	0	0	34.5402	2.06572
75	76	0	0	0	67	0	0	78	0	0	0	69	0	0	266	0	0	73	0	0	52	0	0	0	218	0	0	0	0	0	43.3317	2.96474
58	0	184	87	181	0	0	0	90	0	0	0	67	0	228	0	0	0	0	0	0	0	0	0	0	0	0	0	59	94	0	47.8379	5.08344
0	0	189	82	0	0	0	0	85	0	72	0	0	54	235	0	0	0	0	0	168	0	0	227	0	0	0	63	0	0	0	51.8914	4.00687
0	0	0	0	0	0	0	0	0	0	0	0	0	0	226	269	81	0	75	0	176	55	0	0	0	231	0	58	0	0	75	52.1358	3.35244
0	0	0	0	182	0	0	56	85	0	75	0	0	0	0	275	0	59	0	0	0	0	58	0	0	0	0	0	0	0	0	39.5177	3.34833
0	72	0	0	0	0	0	0	0	0	77	0	71	48	235	0	75	0	75	0	0	0	0	0	233	0	0	0	0	0	0	40.386	2.93101
0	76	0	0	0	0	0	0	78	0	0	70	67	0	0	271	75	0	0	0	0	0	0	0	0	0	248	0	0	0	0	38.6255	2.41161
0	0	0	81	177	68	0	0	85	0	76	72	65	51	0	0	0	0	0	52	0	0	0	0	0	0	0	0	0	0	0	38.4901	4.274
0	77	184	0	178	66	0	66	0	0	0	0	0	0	0	0	0	0	0	51	0	0	56	0	0	225	0	0	63	0	0	47.1419	4.92248
0	0	0	0	0	0	0	64	0	0	75	77	0	59	0	0	0	0	0	0	0	48	0	231	0	0	250	0	66	0	0	40.543	3.27232
73	0	0	0	0	0	0	67	86	0	0	79	0	43	0	281	0	0	0	58	0	0	0	0	0	0	0	71	0	0	0	32.7422	2.09074
0	73	191	0	181	64	0	0	89	0	0	0	0	0	235	0	0	0	0	0	173	0	55	0	0	0	0	0	66	0	0	52.6657	5.33884
0	0	0	0	176	67	0	0	0	0	0	74	68	0	0	266	0	0	0	0	176	0	0	0	0	225	0	59	0	86	0	55.3575	4.62059
0	77	187	0	0	0	0	0	0	0	79	77	0	58	0	0	0	0	0	0	0	0	0	230	0	0	251	0	66	0	0	46.7677	3.4692
71	73	0	82	170	0	0	0	0	0	0	76	0	0	0	0	81	0	0	0	0	0	0	0	0	232	0	65	62	0	0	43.3729	4.65793
0	0	182	0	0	0	221	0	0	0	0	0	0	0	234	274	0	47	0	54	0	59	59	0	0	0	0	0	0	0	64	49.4981	2.62474
72	0	0	0	178	0	234	0	0	78	0	0	0	51	0	0	0	57	0	49	0	0	0	0	0	219	0	0	0	0	0	47.8207	4.37672
0	0	0	86	0	0	228	0	0	0	0	0	0	58	0	0	0	52	0	0	0	58	0	226	0	0	0	0	0	95	76	40.1582	2.55883
0	77	191	0	0	70	231	0	81	0	0	0	0	0	0	0	0	0	0	0	0	58	56	0	0	0	255	0	60	0	74	51.952	3.63709
0	0	0	0	0	0	0	0	84	0	71	0	0	0	0	275	73	54	78	0	176	0	0	0	227	0	0	59	0	92	0	54.5285	2.64668
0	0	0	0	0	66	236	0	0	0	0	0	0	53	234	0	0	56	0	0	169	0	56	0	0	0	256	61	0	0	77	56.1457	3.75386
0	0	0	0	0	0	0	0	0	0	0	79	71	0	231	0	0	59	0	0	0	0	0	225	0	0	0	0	64	93	0	34.616	3.08965
0	0	192	0	0	0	0	58	0	0	0	0	0	0	235	0	0	0	0	58	0	0	49	0	0	0	253	65	63	0	0	40.9429	3.3596
0	0	191	0	0	0	0	0	87	0	0	72	0	58	0	0	0	0	74	0	0	60	59	0	0	0	250	0	62	0	0	42.0977	3.45016
0	0	0	0	0	0	0	0	0	0	71	75	67	0	0	268	0	0	0	0	0	56	0	0	234	217	249	0	65	60	0	60.5843	3.96797
0	0	191	0	0	0	224	0	0	83	0	0	67	0	0	273	81	0	0	0	0	0	59	0	0	228	0	0	55	0	0	54.0887	3.17905
0	0	0	0	180	0	237	59	0	0	73	0	0	0	0	0	0	0	0	0	0	0	0	0	0	0	0	55	56	0	76	36.6213	3.65054
75	0	0	83	0	0	0	0	0	0	0	68	71	0	0	0	0	0	0	0	0	0	48	0	0	232	0	0	0	98	77	32.1142	2.85941
0	78	0	0	0	0	0	0	0	0	0	70	0	0	0	283	0	61	0	0	0	0	0	0	0	221	0	0	60	98	75	39.0033	2.53585
75	0	0	0	0	0	0	0	0	0	0	0	0	0	0	0	0	61	0	45	173	0	0	0	228	229	0	71	0	0	0	41.4327	2.68197
0	0	0	0	0	66	0	0	0	84	0	72	0	41	0	0	73	0	0	0	0	0	0	0	236	0	256	0	65	0	0	43.0338	2.78233
69	70	0	0	180	0	0	0	88	84	0	0	0	0	235	278	76	0	0	0	0	0	46	0	0	0	0	0	0	100	0	55.3187	4.63686
0	0	0	0	0	71	228	0	0	0	0	78	65	0	0	270	0	0	77	45	0	0	0	0	0	0	257	0	0	0	78	53.0562	3.10576
0	0	189	0	176	65	0	0	0	0	0	0	0	0	0	0	0	0	0	55	0	0	45	0	0	0	256	0	0	0	0	40.5382	3.62241
0	0	182	83	168	0	0	0	81	83	0	0	0	0	234	0	0	0	0	48	0	53	0	0	0	0	0	0	0	0	0	43.9868	4.56813
64	0	0	0	0	0	233	65	86	82	72	0	0	0	0	0	80	0	0	0	0	0	58	0	0	0	0	60	0	95	0	40.2503	2.65599
77	75	0	0	0	60	0	0	0	72	78	0	0	0	230	0	0	0	78	51	176	0	0	234	0	0	0	0	0	0	0	51.741	3.85489
0	0	0	88	0	59	0	0	0	0	0	0	68	0	0	0	0	0	76	0	174	0	56	0	0	225	0	72	0	0	0	37.4399	3.18582
61	76	0	81	0	0	0	62	0	70	0	0	0	52	0	0	0	0	0	0	0	55	0	0	0	0	255	0	0	0	0	32.3681	2.4236
0	0	0	0	0	69	0	0	83	0	71	78	0	56	233	0	0	0	0	0	0	0	49	0	0	0	0	0	64	88	0	33.8536	3.16872
60	0	0	86	182	0	0	67	0	82	78	75	0	0	0	0	0	0	0	0	0	0	0	0	0	229	0	63	0	0	79	48.6426	5.02348
0	0	0	0	0	0	0	0	0	0	0	0	62	49	0	278	73	58	0	0	0	0	0	231	0	233	251	0	0	0	0	56.1362	3.36835
0	0	0	0	176	0	236	0	77	0	0	0	0	0	0	282	75	55	0	0	0	0	0	0	234	0	0	0	0	0	70	59.5894	3.95081
0	74	0	88	0	0	0	0	0	0	79	71	0	0	0	0	77	0	0	0	0	54	0	0	0	0	253	0	0	85	70	37.1807	2.53165
72	0	0	0	0	0	0	0	84	0	0	0	0	50	231	279	0	0	79	0	0	0	0	0	0	235	0	0	0	0	64	47.1909	3.52501
76	0	0	0	0	0	224	59	0	0	0	0	0	48	0	0	0	45	66	0	0	0	0	0	237	0	0	0	59	99	0	43.3606	2.69249
0	0	0	0	173	0	0	0	0	0	0	75	69	0	0	0	0	0	74	52	0	0	53	0	0	0	0	0	0	87	77	33.5475	3.82436
64	0	0	0	0	70	0	0	0	78	0	73	0	56	0	0	0	45	0	0	0	50	0	0	228	0	0	0	0	0	74	35.4155	1.94014
0	73	187	79	0	0	0	67	0	0	0	0	62	0	0	274	0	0	0	0	0	0	50	0	0	0	0	0	0	0	0	32.6538	1.82108
0	0	0	0	180	62	0	0	82	80	0	78	63	0	234	0	0	0	0	0	0	0	0	225	0	0	0	0	0	0	0	49.5912	5.38272
70	0	188	0	0	68	236	0	0	0	0	68	0	0	0	0	0	0	0	48	0	0	0	230	0	0	257	0	0	92	0	58.0717	3.59868
61	77	191	0	177	0	0	64	0	0	0	0	0	0	0	268	0	0	0	0	0	0	0	224	0	0	0	0	61	0	77	55.7391	4.36189
0	73	190	82	0	68	0	0	0	0	0	0	0	0	234	0	0	57	78	0	0	44	0	0	0	0	0	0	0	0	0	35.7254	2.52189
0	0	184	0	0	0	0	0	0	0	0	0	66	0	230	281	0	0	0	0	0	54	0	0	0	0	0	68	0	0	0	33.9781	1.78075
0	0	0	89	180	0	0	67	84	0	0	77	0	0	0	0	0	0	0	0	172	0	56	0	237	228	0	0	0	0	0	60.5445	6.1427
0	0	0	87	0	0	0	0	0	0	0	0	0	51	234	0	69	53	0	0	0	0	52	0	0	0	0	71	0	0	0	25.5754	1.95353
0	75	0	0	0	0	0	0	0	79	0	0	0	45	0	0	0	0	0	0	0	0	0	0	230	223	0	0	55	100	77	40.1033	3.11889
0	77	0	0	0	60	0	0	0	0	0	0	0	0	0	283	0	0	79	0	0	0	57	234	0	0	253	0	0	99	78	55.2292	3.26402
0	74	191	0	0	0	0	0	0	0	0	78	0	0	0	0	78	0	0	57	0	0	0	0	236	0	254	71	0	0	65	50.416	3.08471
0	0	187	0	0	67	0	0	87	0	74	69	0	0	235	0	0	0	67	43	0	0	0	0	0	221	0	0	0	0	0	47.0692	4.07974
0	0	0	88	0	62	236	0	0	0	0	0	0	45	235	0	0	53	0	0	0	49	0	234	0	0	251	0	0	0	0	57.421	4.04971
75	0	0	0	0	0	0	0	0	0	0	77	0	0	0	0	0	0	78	0	0	45	0	0	0	234	254	0	57	0	0	37.6964	3.28399
0	77	0	0	0	68	0	0	0	0	0	0	0	0	0	0	71	0	72	0	174	54	57	0	230	226	0	0	0	0	0	49.0781	3.38083
0	73	0	0	0	0	235	0	0	0	0	0	72	0	0	0	0	0	0	0	0	51	57	232	0	0	253	56	0	0	0	47.1497	3.45257
0	0	188	0	0	0	232	0	88	0	0	72	69	57	235	0	0	0	0	0	0	0	0	0	0	0	0	0	0	0	64	43.0568	3.48228
0	0	183	87	0	0	0	0	0	83	0	0	70	0	0	278	0	0	76	0	0	0	51	0	0	0	0	0	0	93	71	41.983	2.27692
76	77	0	0	0	59	0	0	0	70	0	0	0	0	0	0	0	0	77	42	0	0	0	233	0	0	0	0	66	99	0	37.2156	2.83361
0	0	0	0	0	0	0	61	90	0	0	76	0	0	231	0	0	58	0	58	0	0	49	0	0	0	0	0	59	93	0	32.8215	3.3103
0	0	0	0	181	0	0	0	0	0	78	0	0	49	0	0	0	58	0	0	0	0	0	0	0	225	258	0	0	92	0	47.54	4.44058
0	0	0	0	0	0	0	0	0	70	0	0	0	56	0	0	0	0	0	0	0	0	0	0	232	0	255	58	63	0	78	38.1489	2.5767
0	0	0	0	182	68	0	59	0	0	80	0	72	0	0	0	0	0	0	47	0	0	0	0	0	225	0	0	0	0	68	40.821	4.34565
67	0	0	0	181	58	219	0	85	77	0	0	0	52	227	0	0	61	0	0	0	0	0	0	0	0	0	0	58	0	0	52.8789	5.02408
0	73	0	0	0	70	228	0	0	0	72	0	0	0	0	0	0	0	80	51	0	0	0	0	0	0	249	65	0	0	0	42.2353	2.80873
0	0	0	88	0	0	0	0	0	0	0	0	0	0	234	0	0	0	0	0	0	54	50	0	0	0	257	73	0	0	0	31.7075	2.6734
0	0	0	0	0	0	228	0	0	0	0	0	65	0	0	0	0	0	0	0	0	54	0	0	0	228	0	56	60	82	0	32.8173	2.72086
0	0	0	0	0	0	234	62	84	0	0	69	0	0	0	0	0	0	0	0	175	0	51	225	225	0	0	65	0	97	0	60.6096	4.39527
70	0	189	0	0	0	0	67	0	0	0	77	65	0	0	0	0	0	0	0	175	0	0	0	0	222	0	0	0	0	67	40.3613	3.09249
0	0	0	86	0	65	0	64	0	0	76	0	0	0	232	281	0	56	79	0	0	0	0	0	234	0	0	67	0	0	0	55.5058	3.16312
0	71	181	0	0	62	0	60	0	0	75	0	0	0	0	0	0	0	0	0	173	58	0	226	0	0	255	0	0	0	0	53.4977	3.41088
0	0	0	0	0	0	233	0	0	0	0	0	0	0	233	0	80	0	0	0	171	54	0	0	229	0	0	0	0	0	0	44.7289	2.72865
74	0	0	0	0	0	0	66	88	0	0	0	67	0	0	0	0	57	0	0	176	0	0	231	232	0	257	0	0	0	0	60.6755	4.2039
0	77	0	86	0	0	0	0	0	77	0	0	0	0	0	0	79	0	0	43	0	0	55	232	0	0	0	61	0	0	70	35.3987	2.6406
0	0	0	89	0	0	0	66	0	0	0	77	70	0	235	0	0	60	74	0	0	0	58	0	0	221	257	0	0	0	0	53.9731	4.963
76	0	0	0	0	69	0	0	91	0	0	67	61	0	0	283	0	0	0	0	0	0	0	0	0	0	0	72	0	0	0	30.759	1.69892
0	71	0	0	175	0	0	0	85	0	77	0	0	0	233	0	72	0	0	0	0	0	0	228	225	0	0	69	0	0	66	63.3487	5.70649
0	0	0	0	173	0	222	0	78	85	0	0	71	0	0	0	0	0	0	0	0	58	0	0	225	0	0	0	0	0	0	47.5095	4.31424
0	77	0	0	167	0	0	0	78	0	0	71	0	0	0	0	0	0	0	55	176	0	0	0	229	231	0	0	0	98	0	58.809	5.71798
0	0	0	0	173	0	223	0	89	0	76	67	0	45	0	282	0	0	0	0	0	0	0	0	0	0	257	0	0	0	73	62.0163	4.82084
0	0	186	0	170	65	0	58	0	0	0	0	0	0	230	275	0	51	0	0	0	0	0	0	0	0	251	0	62	0	0	61.3959	4.68007
60	0	0	0	168	64	0	0	0	0	0	0	0	0	0	277	0	61	0	0	0	0	51	226	0	0	256	0	0	97	0	61.0399	4.21969
0	75	0	0	0	0	227	0	0	0	0	0	68	56	0	0	81	0	0	0	0	0	0	0	0	224	0	0	64	87	74	41.2993	3.22959
69	76	0	86	0	0	0	55	0	0	0	0	0	0	0	0	0	0	78	0	173	0	0	0	0	0	257	0	57	0	0	39.0809	3.12424
0	0	0	0	0	64	0	0	0	77	0	0	71	0	0	0	0	0	0	0	0	0	0	0	0	0	249	0	0	0	78	24.9119	1.68047
0	0	184	0	0	66	0	0	77	79	0	76	61	0	0	0	0	0	0	0	0	0	0	230	0	0	0	0	65	91	0	41.9543	3.30156
0	0	0	81	179	66	0	0	0	0	0	0	0	52	0	0	0	58	0	0	0	0	0	0	0	0	257	0	0	0	0	37.4057	3.48327
0	0	191	0	0	0	0	62	0	0	0	0	67	0	0	0	0	52	0	0	0	50	59	0	0	0	254	0	0	0	73	35.6847	2.2891
73	0	0	0	0	0	0	0	89	84	0	0	63	0	0	0	0	0	79	45	171	0	0	0	224	0	0	0	54	0	0	42.791	3.2917
0	0	0	84	0	0	0	0	0	82	0	0	68	41	233	0	79	0	0	0	0	0	50	0	0	0	0	72	59	0	76	34.305	2.96526
0	0	185	0	0	0	0	0	85	0	0	0	62	0	0	281	81	54	73	0	0	48	0	0	226	0	0	0	0	0	0	50.0444	2.32641
0	77	0	0	0	60	0	0	0	69	0	75	0	50	0	282	0	0	0	0	0	0	0	0	0	0	255	0	0	0	0	38.4671	2.09694
0	0	0	0	0	0	0	61	85	83	76	0	67	53	0	0	0	0	76	0	0	0	0	0	0	0	250	0	0	0	0	36.5739	3.04786
0	0	0	85	0	0	0	0	0	0	73	70	66	0	233	0	0	0	0	0	0	0	0	0	0	219	0	60	0	0	76	36.4548	3.49049
68	0	0	0	0	0	0	63	0	0	0	75	0	0	0	0	0	60	71	0	0	51	0	0	0	228	0	0	62	88	0	33.987	2.91508
60	0	0	88	0	0	0	0	0	0	0	0	64	0	0	277	0	48	0	0	0	0	59	0	0	0	253	0	0	98	0	40.6909	2.1224
0	0	190	0	0	0	0	0	0	0	79	0	0	0	227	0	0	55	0	51	0	54	0	236	0	222	0	59	0	0	78	54.3987	4.00901
0	0	0	0	182	68	0	67	86	77	0	0	0	0	0	0	0	0	69	0	174	0	0	231	0	0	0	0	0	0	0	50.9856	5.00832
0	0	187	0	0	0	0	0	90	84	76	78	0	51	0	0	73	0	0	0	175	0	0	0	0	0	0	0	0	98	0	40.6252	2.62483
0	0	0	0	0	66	0	0	0	69	0	76	0	48	0	0	0	61	75	0	170	0	49	0	0	0	0	0	0	0	0	29.7744	2.01403
0	0	0	86	182	0	220	0	0	0	77	0	0	0	234	283	0	0	76	0	0	53	0	233	233	0	0	0	0	0	0	80.4394	6.08799
0	0	0	87	0	0	0	0	0	0	0	0	71	0	0	264	76	0	0	0	174	47	0	229	0	231	0	0	0	92	0	55.3323	3.49848
0	0	0	0	175	0	228	0	0	83	0	0	0	0	0	0	0	0	74	0	176	55	0	0	0	232	253	0	0	91	0	66.9436	5.85207
0	0	0	0	0	67	0	66	0	0	0	0	0	0	235	0	78	0	0	0	0	0	0	0	237	0	0	0	0	92	0	34.5544	2.21803
68	78	0	0	0	0	0	0	87	0	0	78	0	0	0	279	0	0	0	0	0	0	0	0	232	0	0	68	60	0	0	41.9082	2.611
0	0	0	0	0	0	0	65	0	85	0	0	67	0	234	0	80	0	0	0	0	0	0	0	233	0	0	0	65	84	0	39.4394	3.01481
74	0	182	0	0	70	220	0	0	79	0	0	71	0	0	0	74	0	0	0	176	59	0	0	0	0	0	0	0	0	0	44.637	2.23848
0	0	185	0	0	0	0	0	0	0	79	0	72	0	0	0	78	0	75	0	0	0	0	0	0	0	0	0	60	0	63	26.7206	1.68166
0	0	187	0	0	0	0	65	0	0	78	66	65	0	0	0	0	56	0	0	174	0	0	0	0	0	0	0	0	0	0	30.3831	1.88977
0	0	0	0	0	69	0	59	0	0	0	0	0	0	0	268	79	58	0	0	173	0	0	0	0	0	0	71	66	0	66	38.4888	1.67015
0	73	182	87	0	70	0	0	0	83	0	0	0	50	0	282	0	0	0	0	0	0	0	0	0	0	0	0	0	0	65	38.0746	1.73249
0	0	0	0	0	0	0	0	88	83	79	0	0	0	0	0	81	0	0	0	174	0	52	0	0	227	250	0	0	100	0	52.0224	3.8993
0	0	0	81	0	71	0	0	0	0	75	0	0	0	0	0	0	59	0	0	0	50	0	232	0	229	0	0	0	98	0	41.5743	2.94891
0	0	0	0	179	0	0	0	0	75	0	0	0	52	0	280	81	53	0	0	176	57	0	0	0	0	0	69	0	0	0	48.1447	3.19972
69	0	190	80	0	0	0	0	0	78	80	77	68	57	0	283	0	0	0	0	0	0	0	0	0	0	256	0	0	0	0	53.9882	2.94452
0	0	0	83	0	69	0	0	0	0	0	0	0	0	0	283	0	0	0	0	0	57	48	0	0	0	252	0	0	0	72	37.732	1.86604
0	77	0	86	0	0	0	67	84	0	0	0	0	0	234	0	0	51	0	54	0	0	0	0	233	0	0	0	0	87	0	43.8801	3.64528
65	0	0	0	0	0	237	66	0	82	78	0	0	0	235	0	0	0	78	0	0	48	0	0	224	0	0	0	0	89	0	54.5067	3.66473
0	0	0	0	0	66	0	63	0	0	0	0	0	0	0	280	72	0	0	0	0	0	58	0	0	225	0	65	0	0	0	35.6667	1.98817
0	0	0	0	0	0	0	55	77	0	79	68	0	57	0	0	79	0	0	0	0	51	57	0	0	0	256	0	0	0	0	36.4219	2.7715
0	0	0	87	0	0	220	0	0	83	0	0	0	0	0	0	75	0	0	56	169	59	48	229	0	0	0	0	0	0	0	47.7033	3.18823
67	0	0	0	171	69	0	0	0	83	0	76	71	0	234	0	0	0	0	0	0	0	0	0	236	0	0	61	0	0	64	54.1986	4.90192
0	73	182	0	0	0	0	0	0	83	79	78	0	0	0	0	0	0	72	0	0	0	0	0	0	234	257	0	0	0	0	48.6053	3.75833
0	0	189	0	0	0	222	56	0	0	0	0	0	0	0	0	77	51	0	58	0	0	0	0	0	232	0	0	66	92	67	48.5304	3.29299
0	75	0	0	182	65	0	66	0	0	0	0	0	0	0	275	0	50	0	0	0	0	0	0	234	0	0	57	0	0	78	52.9346	3.73848
0	0	185	0	177	0	0	67	0	84	0	77	0	0	0	273	0	0	0	0	0	0	0	230	0	0	0	0	61	0	0	54.5713	4.47502
0	0	189	0	0	0	219	0	90	0	0	76	0	0	0	0	0	0	0	0	171	0	49	236	230	0	0	0	0	0	0	60.1686	4.09992
0	77	0	0	0	0	235	0	85	0	0	78	0	0	0	272	0	0	0	0	167	0	0	224	228	0	0	0	0	0	0	63.4574	3.90476
0	0	188	83	0	0	0	0	0	82	0	74	0	0	228	0	0	0	0	0	0	0	0	0	0	229	253	54	0	83	0	54.3071	4.42401
0	0	0	88	180	69	0	0	0	72	0	0	0	0	0	269	0	0	0	50	0	57	0	0	0	0	0	0	0	0	64	41.1428	3.24118
74	0	0	0	170	0	231	0	0	0	0	0	62	0	0	0	0	0	0	0	0	0	0	0	0	0	256	0	0	0	72	43.3155	3.83402
75	0	191	0	179	0	0	0	84	0	78	0	0	45	0	283	0	0	0	0	0	0	0	0	0	0	0	69	0	0	0	47.4215	3.45306
73	76	0	0	0	0	231	65	0	0	0	71	0	0	0	0	0	0	66	48	173	46	0	0	0	0	0	0	0	0	0	38.7528	2.83653
0	0	0	0	0	0	0	0	89	0	0	0	0	0	0	0	70	0	0	56	0	0	0	233	0	0	0	0	64	0	0	24.7009	2.18931
0	77	0	0	0	0	0	0	0	0	0	0	0	0	0	283	73	0	0	0	175	0	0	227	0	0	0	0	0	96	0	40.1096	1.9179
0	0	0	88	0	0	0	0	90	0	0	72	0	0	234	0	0	0	0	0	0	57	0	0	0	0	252	63	0	0	0	36.8604	3.42132
0	0	0	0	0	71	0	66	0	0	0	0	0	0	0	268	0	55	0	0	176	0	60	0	237	0	0	0	0	86	0	46.4084	2.07425
73	0	191	0	170	0	0	61	0	0	0	0	0	0	236	0	0	0	0	0	0	0	0	0	0	233	0	68	65	0	0	49.4837	5.11699
0	0	186	0	0	0	0	64	0	0	0	0	64	55	0	0	0	0	0	53	0	58	0	0	0	0	0	0	0	96	0	24.2983	1.63575
0	0	0	86	175	0	0	0	0	0	0	0	70	0	0	276	0	59	71	0	0	0	0	229	229	0	0	62	0	0	0	62.6056	4.6826
0	76	0	0	0	0	229	65	0	76	0	0	0	0	0	0	0	0	0	58	171	55	0	223	232	0	0	0	0	0	0	56.5244	3.79954
70	0	0	0	179	0	0	0	0	0	0	77	70	0	0	0	0	0	0	0	0	0	0	0	228	0	254	66	60	0	0	50.3495	4.70254
0	0	190	82	0	0	0	0	0	80	0	0	70	0	0	269	0	0	70	0	176	0	0	233	0	0	0	68	0	93	0	58.1265	3.34492
0	0	0	0	0	0	236	0	0	71	0	0	0	0	0	0	77	0	0	0	0	53	0	235	0	0	0	0	63	0	0	33.8534	2.22903
0	0	0	87	0	0	0	0	78	0	0	0	0	0	230	0	0	59	0	0	173	0	0	233	0	231	253	0	0	0	78	64.6115	5.368
0	0	0	0	0	0	0	0	0	0	0	0	67	58	0	0	0	0	0	0	176	53	0	0	237	227	256	0	0	0	71	53.5229	3.82235
73	0	0	0	176	0	231	0	0	0	0	77	0	0	0	0	0	0	0	0	0	0	0	0	227	221	0	0	0	97	71	57.9369	5.03975
75	0	0	81	0	65	235	0	0	0	0	0	0	0	0	0	81	0	0	0	170	0	58	235	0	0	0	64	57	0	0	51.3361	3.32361
73	0	182	0	0	0	0	0	89	0	71	0	0	0	235	0	0	0	0	0	174	0	0	235	232	0	0	0	0	0	76	62.3316	4.25608
0	0	186	0	182	0	0	0	0	83	0	0	66	0	235	0	0	0	74	0	0	57	0	0	0	0	0	0	0	0	0	41.8059	4.24418
0	0	0	0	0	0	0	0	0	0	0	0	0	50	0	276	0	0	0	0	167	56	58	233	0	177	222	0	0	95	0	59.4135	3.70939
0	0	0	88	172	0	0	0	0	0	0	0	61	0	0	268	0	0	0	0	174	0	59	233	225	0	0	62	0	0	0	65.1345	4.96744
0	0	0	0	0	69	0	65	90	0	0	0	0	58	233	273	0	58	69	0	0	0	0	233	0	0	0	0	0	0	74	55.1153	3.71521
0	69	0	88	0	0	236	0	0	0	0	0	0	54	0	0	0	0	0	0	0	0	0	0	0	0	254	69	57	0	0	37.1465	2.82192
76	0	0	0	0	0	220	0	80	0	0	0	0	0	0	267	77	0	0	0	0	52	0	0	238	0	0	0	0	0	67	48.932	2.19611
0	0	0	0	182	0	0	0	0	0	0	0	70	0	236	0	0	0	0	47	175	0	0	229	0	0	0	59	65	0	0	50.0841	5.32006
73	0	191	0	0	0	237	0	0	0	0	0	0	0	0	276	78	0	0	0	0	56	0	0	0	229	0	70	0	0	0	51.3157	2.42175
0	74	0	87	0	63	226	0	0	0	0	0	0	0	0	270	0	0	0	0	0	0	0	223	0	234	0	0	66	0	0	55.5401	3.79928
0	0	0	0	174	0	0	60	0	0	0	68	0	0	0	0	0	0	0	0	0	57	58	225	0	0	0	0	56	97	65	42.0075	4.45662
0	0	0	0	0	0	232	0	0	0	78	0	0	0	0	277	0	0	79	0	174	0	0	0	0	234	0	0	0	86	0	51.4589	2.98493
58	0	0	0	0	0	0	0	91	0	79	69	0	0	229	0	0	0	0	0	0	0	0	0	0	0	0	0	0	0	0	22.353	2.15451
0	76	184	88	0	0	230	0	89	0	0	0	0	0	230	0	81	0	0	0	0	59	0	0	0	0	0	59	67	0	0	48.7744	3.79042
0	0	0	0	0	67	235	0	0	0	0	76	0	0	0	269	0	61	0	0	0	0	59	0	0	0	0	61	0	88	0	39.4679	1.77734
0	0	0	88	181	0	0	0	0	0	77	0	63	0	0	0	0	61	0	0	0	0	0	0	226	0	254	0	0	98	0	53.495	4.46966
0	0	0	0	0	0	0	0	81	84	72	0	0	0	229	0	81	0	0	52	0	0	0	0	0	0	257	0	0	0	0	38.4395	3.01847
61	0	191	0	171	0	234	0	0	70	0	0	0	0	0	0	0	51	79	0	0	0	0	229	0	234	0	0	0	92	0	69.3231	5.67475
0	0	0	0	0	0	222	65	0	0	0	0	0	57	226	0	0	49	0	0	0	50	52	0	0	0	0	0	59	0	0	33.212	2.69864
74	0	0	0	172	0	0	0	86	0	0	0	0	53	0	280	0	0	0	0	0	0	0	0	230	228	0	0	0	0	76	58.8907	4.70243
0	0	0	0	0	0	0	0	0	0	0	76	0	0	0	0	0	46	0	44	176	0	0	0	0	218	248	0	0	90	0	40.7596	3.13882
0	0	190	0	0	0	0	0	0	71	0	0	0	51	0	0	0	55	0	0	166	0	56	0	0	0	255	0	0	0	77	41.7906	2.446
63	76	0	0	181	62	0	0	0	0	79	0	0	0	0	0	0	60	0	56	0	0	0	226	0	230	0	0	0	0	0	53.0167	4.90395
0	76	189	0	0	0	0	0	82	0	0	0	67	56	0	280	0	0	66	0	171	0	60	0	0	0	0	0	0	0	0	45.8824	2.81641
0	0	0	0	177	0	0	0	0	0	75	0	62	0	0	0	75	0	0	0	0	0	49	0	0	218	0	56	0	87	0	38.8837	3.95688
0	71	0	0	0	0	0	0	0	0	0	0	0	0	0	280	0	59	0	54	0	60	0	0	230	219	0	64	0	92	0	49.6096	2.73252
0	77	0	0	0	0	0	0	0	0	0	68	0	56	0	0	0	0	0	46	175	0	59	0	0	0	0	66	0	91	0	27.375	2.18286
0	0	0	84	0	0	0	0	81	83	0	0	0	0	0	0	70	0	0	0	0	0	0	233	237	230	249	0	0	0	0	61.8722	4.69307
0	0	186	0	172	0	0	0	0	78	0	0	68	0	0	0	77	0	0	52	176	0	59	0	0	0	0	0	57	0	0	44.5306	4.05178
0	0	184	0	0	0	221	0	91	0	79	0	0	58	0	0	79	58	0	54	0	0	0	0	230	0	0	0	0	0	0	50.787	2.7939
0	76	0	88	0	0	0	63	0	0	0	67	0	0	0	0	0	61	0	45	0	0	59	0	0	0	0	73	60	0	0	25.5571	2.40951
0	0	0	0	0	67	0	0	0	0	0	77	0	47	0	0	0	0	0	51	175	0	47	0	0	0	253	0	63	88	0	39.4037	2.9988
0	0	0	0	0	0	0	66	0	82	0	0	0	49	235	0	80	0	0	0	0	0	0	235	0	235	0	0	0	90	72	50.0449	4.09953
0	0	0	87	0	0	0	0	0	0	0	79	0	0	231	0	0	0	69	0	0	0	0	0	0	234	0	71	0	0	0	32.9033	3.37137
0	0	0	0	174	0	0	0	0	0	79	70	0	42	0	0	0	0	79	0	169	0	0	0	0	0	252	0	0	85	0	48.2554	4.4448
0	0	0	0	0	0	224	0	0	0	0	0	0	46	235	282	0	0	0	0	0	0	0	230	0	227	0	72	0	0	0	56.7244	3.85896
0	0	0	0	171	0	0	0	0	0	77	0	0	0	0	0	72	0	0	0	0	0	0	0	0	232	0	0	0	99	69	35.5377	3.51288
0	77	182	0	0	0	0	0	0	0	0	0	0	0	0	0	0	0	75	0	171	0	57	0	228	217	0	63	57	0	0	51.6117	3.8485
0	76	0	0	179	0	0	56	0	80	75	0	0	0	0	276	0	0	71	0	0	45	0	0	0	0	0	71	0	0	72	47.291	3.78804
0	0	191	0	0	0	0	0	0	0	78	72	61	57	0	273	0	0	0	0	176	0	0	0	229	0	0	71	0	0	64	55.7426	2.75108
0	0	0	0	181	0	0	0	0	70	0	0	0	48	0	0	0	0	79	0	0	0	46	0	237	0	254	0	0	85	0	52.8798	4.63838
0	0	0	88	177	0	228	0	0	82	77	0	0	0	233	0	78	59	0	0	0	0	0	0	0	0	0	0	0	0	0	49.1188	4.30207
0	0	186	0	173	70	0	0	0	0	0	0	0	0	0	0	0	0	0	57	0	0	0	0	0	0	257	0	0	0	0	38.57	3.39752
0	0	0	0	175	0	0	0	84	0	0	0	67	54	0	0	0	61	0	0	169	0	0	0	228	0	256	0	60	0	0	59.1913	5.28007
65	0	0	0	0	0	0	67	0	0	75	0	0	0	234	0	0	53	0	0	0	54	0	228	231	0	0	68	0	99	0	52.4986	3.47625
73	0	0	0	0	68	222	66	0	76	0	0	0	0	235	281	0	58	0	0	0	0	0	0	235	0	0	0	0	0	0	58.5995	2.98498
0	53	0	0	0	65	0	0	0	83	0	0	0	0	0	267	0	56	0	0	0	0	0	0	227	233	257	63	0	0	0	60.0005	3.37895
0	74	190	0	0	64	0	60	83	74	0	0	0	0	0	0	0	58	0	0	175	48	0	234	0	0	0	0	0	0	0	49.3101	3.31179
0	76	188	0	182	0	0	62	0	0	0	0	0	58	0	0	0	56	0	0	0	0	0	165	204	218	0	0	0	98	0	64.6839	5.5374
70	0	191	0	174	0	0	0	0	0	0	74	0	45	227	0	0	0	0	58	0	54	0	0	0	0	0	54	0	0	0	43.5029	4.22009
0	0	0	0	0	0	0	0	91	72	0	70	70	0	0	0	78	0	0	55	0	0	57	0	0	0	0	0	0	0	0	22.8298	2.10667
0	0	0	0	172	68	0	0	0	0	0	0	66	0	0	0	0	57	0	49	169	46	0	0	0	233	0	0	64	0	0	45.6811	4.57388
0	0	190	0	0	63	0	59	0	81	73	0	0	0	0	0	0	0	75	50	0	0	0	0	233	0	257	0	0	0	0	52.8038	3.20462
0	0	0	88	0	0	0	0	0	0	0	78	0	0	233	0	0	0	0	0	0	54	0	0	0	0	254	0	59	0	76	35.1072	3.18595
58	0	187	0	0	0	229	36	0	0	78	0	69	0	0	270	0	0	0	54	172	0	0	0	0	222	0	0	0	0	0	59.9304	3.42481
74	0	0	0	0	0	0	0	85	0	0	0	70	0	234	0	0	0	0	56	0	50	0	0	233	0	249	0	0	0	0	48.0742	3.7503
0	74	0	0	0	0	0	58	77	0	0	73	71	50	0	0	0	55	0	0	0	0	48	0	0	0	0	0	0	0	0	23.1826	2.26967
63	0	0	0	0	70	0	0	0	0	0	71	0	52	0	0	72	61	0	0	173	0	0	0	228	0	0	0	0	0	74	41.229	2.06491
0	0	0	79	177	0	0	0	0	83	0	75	0	0	0	275	0	0	0	0	0	0	57	0	0	0	254	0	55	0	0	50.3234	4.39312
0	69	0	0	178	0	0	61	0	0	78	66	0	0	0	277	0	0	67	0	0	0	0	0	0	0	255	0	0	0	73	54.181	4.43614
0	0	0	0	170	0	0	0	0	83	72	0	0	0	234	0	77	0	0	0	0	58	53	0	231	0	0	0	0	98	0	51.4354	4.38299
0	70	0	88	0	0	237	0	0	83	0	73	0	50	0	0	0	0	0	0	0	0	0	232	0	218	250	0	0	0	0	60.9527	4.88849
0	77	0	0	180	70	0	0	0	0	0	69	0	48	232	0	0	0	0	0	0	0	0	0	0	0	250	0	61	96	0	50.7635	5.2206
0	72	184	0	0	0	0	0	0	80	0	76	0	0	0	0	0	0	0	0	0	0	0	0	0	0	0	56	67	94	65	27.9888	2.08729
65	0	0	87	0	0	0	0	0	0	0	0	0	0	0	0	0	0	72	53	0	0	0	0	0	0	254	68	0	0	0	28.2173	2.10714
0	0	0	0	181	0	0	0	0	0	0	77	0	0	227	0	0	47	0	54	173	0	52	0	236	0	0	0	0	0	0	51.7965	4.8876
61	0	0	0	0	0	0	67	0	0	0	0	0	0	0	0	81	0	73	0	0	0	54	0	235	226	0	0	0	88	0	42.0361	2.96298
70	0	0	82	0	0	0	0	0	75	0	0	66	0	0	0	0	0	0	0	0	0	0	0	235	232	0	0	65	93	0	41.6761	3.30466
0	0	0	0	0	65	0	0	0	0	0	0	0	58	236	0	0	0	0	53	167	55	0	0	225	0	257	0	59	0	0	53.5891	3.86162
0	0	0	0	0	0	0	0	0	70	78	0	70	0	225	0	0	0	77	0	0	0	0	0	237	220	0	0	0	0	0	45.038	3.69113
0	0	0	0	0	65	0	0	85	83	0	0	0	55	0	0	80	0	0	0	0	0	0	0	235	0	0	0	0	0	76	33.7834	2.01945
0	0	191	82	182	0	0	66	0	0	0	0	0	0	0	0	0	0	68	0	0	0	0	0	0	0	0	64	61	95	0	39.1358	4.01217
77	72	0	0	177	0	0	55	84	80	0	78	0	0	0	0	0	0	0	58	0	0	0	0	0	231	257	0	0	0	0	58.286	6.08533
0	71	0	81	179	0	237	0	84	0	0	0	0	0	0	0	0	0	0	54	0	0	50	232	0	0	0	0	0	0	76	54.1295	5.38383
0	0	192	80	178	0	0	64	86	0	0	0	0	0	0	0	71	0	68	0	0	59	0	0	0	0	0	61	62	0	0	45.1399	4.50351
0	0	190	0	0	0	0	0	0	0	0	0	0	55	0	0	81	0	0	0	0	0	0	228	0	234	0	0	0	95	70	42.5976	2.85915
0	0	0	0	0	0	0	56	0	0	76	0	72	54	0	0	0	0	0	0	0	45	59	0	234	234	0	0	0	0	0	39.2205	3.06643
0	0	0	0	0	0	0	0	0	0	70	0	69	0	0	0	0	0	66	0	0	58	56	234	0	0	0	56	0	99	0	32.1405	2.40264
0	0	0	0	0	66	0	0	83	0	0	68	69	0	0	0	77	0	73	50	0	0	51	233	0	0	0	62	0	0	0	40.1466	3.29594
0	0	0	83	180	0	0	61	0	79	71	0	0	0	0	275	0	0	0	48	0	49	57	0	0	0	0	0	0	0	0	43.5382	3.65938
72	0	0	80	0	0	221	67	0	72	0	0	69	0	0	0	77	0	0	57	0	0	57	0	0	0	0	0	0	95	0	38.5031	2.6496
0	0	0	0	174	67	0	0	89	0	0	0	0	0	0	0	0	0	73	0	0	0	52	234	229	0	0	0	0	0	71	53.8985	4.95419
0	0	0	0	0	0	0	0	0	0	78	0	69	0	0	0	0	61	72	53	0	53	48	0	0	0	248	0	0	0	0	32.4657	2.27053
77	77	0	0	0	62	0	67	0	0	0	0	64	0	0	0	0	0	0	48	0	0	0	225	0	0	257	61	62	0	0	45.8374	3.5931
0	0	191	0	0	0	231	0	0	0	0	0	61	0	232	0	81	0	0	49	0	0	0	223	0	0	0	0	0	93	0	50.1647	3.37599
0	0	192	0	178	0	0	0	0	77	0	0	0	0	0	0	76	0	69	0	0	46	0	0	229	0	0	0	0	0	0	45.2125	3.55396
0	73	0	0	0	0	0	0	0	0	0	0	0	0	0	0	0	60	78	0	0	0	56	231	237	233	0	0	64	0	0	50.2795	4.0162
0	0	0	0	172	0	0	59	0	0	0	0	0	0	0	0	0	0	0	0	174	48	0	0	0	228	0	0	66	82	0	39.9239	4.3608
0	0	0	0	179	67	0	60	0	0	74	0	70	58	0	0	76	0	0	0	0	0	56	0	0	0	0	71	0	0	0	36.329	3.4882
0	76	191	0	0	64	0	0	0	0	79	0	0	0	0	0	0	0	0	0	0	0	0	0	0	234	251	70	0	0	0	43.2965	2.9894
0	0	0	0	0	64	0	0	0	0	0	0	0	57	0	0	0	0	0	0	0	56	58	0	0	229	254	0	0	98	0	37.2643	2.823
0	77	183	0	0	0	0	66	0	0	0	0	0	0	0	0	70	0	0	0	174	0	55	227	0	235	137	0	0	0	0	55.7357	4.11457
75	0	0	0	0	0	0	67	0	0	73	70	0	0	0	0	76	54	0	0	0	0	58	0	0	219	0	62	0	88	0	36.867	2.62941
76	0	0	0	0	0	0	68	0	76	0	0	0	0	226	0	0	0	75	0	0	0	0	229	0	230	0	0	62	0	0	46.7529	4.31309
0	0	0	0	176	0	0	0	0	0	0	0	0	0	0	0	0	54	0	0	174	43	0	0	0	0	252	0	66	95	77	45.3114	4.06842
0	0	0	0	0	67	0	0	79	84	76	75	0	51	0	0	80	0	0	53	0	0	0	0	0	0	0	0	65	97	0	33.1973	2.53096
0	0	0	86	0	60	0	0	0	0	0	0	0	57	232	0	75	48	77	0	0	0	0	0	0	0	0	0	0	90	76	34.9156	2.428
0	0	0	0	171	67	0	0	0	0	72	0	0	0	225	280	0	60	0	42	0	0	0	235	0	0	0	0	0	0	0	54.801	4.18498
0	69	187	0	0	0	0	60	88	0	0	0	0	0	228	0	0	0	0	0	0	0	0	0	236	0	257	56	0	0	0	53.1318	4.00255
0	77	0	0	0	68	0	66	0	0	0	0	61	0	0	0	0	0	79	0	0	0	0	230	0	230	0	66	0	0	67	43.9193	3.75981
73	72	0	0	0	62	232	67	0	0	72	0	0	0	0	274	0	0	0	0	0	50	0	0	0	0	0	0	63	0	0	41.4377	2.08857
0	0	190	79	0	59	0	0	0	77	0	76	0	0	0	0	0	0	75	0	0	0	50	226	225	0	0	0	0	89	0	54.8042	3.66444
0	0	0	0	0	0	0	0	0	81	0	0	64	0	0	282	0	47	0	57	172	0	51	0	0	231	0	0	0	0	0	43.038	2.68607
0	76	186	84	0	0	0	66	0	83	0	0	0	0	0	0	0	0	0	0	175	58	0	0	0	229	0	0	0	0	75	44.8494	3.42184
68	74	0	82	0	0	0	0	90	84	0	78	0	0	0	0	0	0	75	0	0	56	0	236	235	0	0	0	0	0	0	52.6959	4.12321
0	0	182	0	0	62	229	66	0	0	79	0	0	57	234	0	0	0	0	43	0	0	0	0	0	0	0	0	0	0	75	44.7117	2.98494
0	0	184	0	0	0	0	63	0	84	73	0	67	42	0	277	0	0	0	0	176	0	0	0	0	0	0	0	64	0	0	43.5456	2.34597
0	78	0	0	0	0	0	0	0	0	0	0	0	0	0	0	81	0	0	56	0	46	58	0	0	220	257	66	0	0	0	38.599	3.02726
0	0	190	0	0	0	237	0	0	81	0	0	0	0	0	269	0	0	76	0	176	0	0	40	0	168	0	0	0	97	71	61.5312	3.39188
0	0	0	0	0	0	0	0	84	70	0	0	70	0	235	283	0	0	0	0	171	0	56	231	0	0	0	0	0	0	0	51.9237	3.71518
76	72	0	0	0	0	0	60	83	0	0	0	72	0	0	0	0	57	0	0	0	53	0	233	0	0	257	0	0	0	0	45.1961	3.4726
74	0	192	85	0	0	0	0	0	74	0	0	0	53	0	0	0	60	0	0	0	45	0	0	0	0	0	0	0	97	78	32.5016	1.68197
67	0	0	0	174	0	0	0	0	0	0	0	0	0	0	0	0	50	0	0	172	55	59	0	0	222	0	0	0	96	0	43.5417	4.09546
0	0	0	0	0	0	0	0	0	79	0	0	67	0	235	0	0	50	79	0	0	0	51	0	0	0	257	72	0	0	77	42.3421	3.35444
60	0	0	0	177	0	0	0	0	0	0	0	0	47	0	273	0	0	0	55	0	0	0	233	228	0	0	0	62	0	0	56.6766	4.34453
0	75	0	0	0	0	0	0	0	0	78	0	63	0	0	275	0	0	78	55	0	0	0	0	0	0	258	64	64	0	75	47.1592	3.02331
0	70	182	0	0	0	0	0	79	0	0	77	0	0	0	0	0	0	0	58	0	0	0	0	236	0	0	67	0	97	0	39.355	2.78893
0	77	184	0	0	0	0	0	0	0	0	0	63	0	234	279	0	0	0	0	0	59	0	233	0	0	0	70	0	0	77	52.1097	3.19699
0	0	0	84	0	0	0	0	84	0	0	75	0	0	233	0	0	0	0	0	0	0	0	232	232	0	0	61	0	84	0	49.2935	4.1152
0	0	0	0	0	0	0	68	90	0	79	0	0	0	228	0	0	0	0	0	0	54	0	0	235	0	0	0	0	99	77	41.1854	3.15936
0	0	0	0	181	0	0	0	0	82	0	0	0	43	227	266	0	0	76	0	0	0	0	225	237	0	0	0	0	0	69	68.2628	5.38939
74	73	190	0	0	0	0	0	0	0	0	0	68	0	0	0	81	0	0	0	0	57	0	0	0	0	0	0	0	97	73	28.9034	1.48657
66	0	0	0	0	64	0	0	0	0	0	0	0	0	232	0	75	0	0	0	177	0	48	0	234	0	0	0	0	99	0	44.2042	2.66682
0	0	0	80	0	59	0	0	0	0	72	78	0	0	0	0	0	0	78	49	0	0	54	232	0	0	0	0	0	90	0	38.0017	2.99175
75	0	0	0	0	0	0	66	0	79	0	77	0	0	227	0	0	0	0	0	0	0	58	236	0	0	0	0	0	0	78	39.1298	3.33844
71	0	0	0	0	0	0	67	0	82	0	0	0	0	0	0	0	56	0	0	0	0	0	235	0	0	255	0	0	92	79	43.3959	2.81997
62	0	0	81	0	62	237	0	0	0	0	0	63	0	0	0	0	60	0	0	0	0	0	223	0	231	0	69	0	0	78	53.5657	3.78795
0	0	0	0	176	67	0	67	0	0	0	71	65	0	227	0	0	60	0	0	0	0	0	0	0	0	0	0	0	0	0	35.6818	3.94531
0	0	191	0	169	0	237	0	0	0	0	0	0	0	233	0	70	0	0	0	0	48	0	0	0	0	252	0	0	0	0	56.0403	4.59566
76	0	0	80	168	0	232	0	90	0	0	0	0	0	0	277	0	58	0	0	0	0	0	0	0	0	0	73	0	0	0	50.4447	3.76063
0	0	0	85	0	0	0	0	0	0	78	0	0	0	0	0	0	0	0	0	0	54	46	0	229	233	257	66	0	0	0	49.1441	3.59426
68	76	0	81	0	0	0	67	0	0	0	72	65	0	0	0	79	0	0	0	0	0	0	226	0	0	0	0	0	0	0	33.235	2.66073
0	0	0	0	0	0	0	67	82	0	0	78	0	0	229	277	0	0	0	0	0	0	47	224	0	0	0	0	0	91	67	49.3008	3.687
0	76	0	0	0	0	0	0	0	0	0	0	0	0	0	0	0	53	0	56	0	0	60	229	0	0	255	0	58	99	69	43.5138	3.3031
0	0	0	0	0	59	0	0	0	83	0	74	0	0	235	0	81	0	0	0	174	0	0	235	232	0	0	0	0	0	0	54.3151	3.70319
76	0	0	0	0	0	0	67	0	0	77	75	0	0	0	0	0	0	72	0	0	0	0	0	236	0	0	0	65	0	79	35.4663	2.56458
59	0	0	0	0	0	0	0	0	0	0	0	68	55	0	0	0	60	68	0	170	0	57	234	0	228	0	0	0	0	0	47.4052	3.68236
62	0	0	0	0	0	0	60	0	0	0	0	71	58	0	0	0	0	0	58	171	0	0	225	0	0	0	0	0	99	0	36.6808	2.70986
0	0	0	0	0	70	220	0	0	83	0	0	0	0	232	0	0	0	0	0	0	0	0	0	231	235	0	0	0	0	70	52.0899	3.79131
72	76	0	0	0	64	0	0	91	81	0	78	0	0	0	0	75	0	68	0	0	0	0	0	0	233	257	0	0	0	0	51.8364	4.17798
0	73	0	0	174	66	220	0	0	0	0	0	0	0	0	268	74	0	0	0	0	0	49	0	0	0	0	61	55	0	0	48.8311	3.63156
70	78	0	0	0	69	0	0	0	0	0	0	0	0	236	282	70	0	0	0	0	0	0	0	228	0	254	0	0	0	67	59.443	3.14029
0	0	0	89	180	0	225	0	0	0	0	0	0	46	0	0	80	0	75	0	0	0	53	0	0	219	0	0	0	0	76	52.553	5.00564
76	77	0	84	0	66	0	64	0	0	0	0	71	0	0	0	0	0	0	0	0	0	56	0	0	0	256	0	0	0	75	37.2436	2.83244
0	0	0	83	0	0	227	0	0	0	0	0	0	0	0	278	0	0	72	0	0	56	0	0	0	233	252	0	0	99	0	57.7763	3.63132
0	0	0	0	0	69	0	61	0	84	0	0	69	45	0	0	81	0	0	0	0	0	0	0	0	231	0	0	0	93	77	35.9698	2.66321
0	0	191	81	0	0	0	0	0	0	0	67	0	0	230	0	0	0	71	0	0	59	52	0	0	0	0	0	0	0	0	31.5234	2.63791
0	0	0	0	0	0	232	0	0	80	0	0	0	53	0	0	0	0	0	57	174	0	0	0	0	0	254	66	0	92	0	45.7962	2.9653
0	0	191	0	0	0	0	0	84	0	0	0	0	0	230	0	0	51	0	56	0	0	0	0	230	234	0	68	66	0	0	53.817	4.36449
0	73	0	84	0	0	0	0	0	0	0	0	0	50	0	266	0	0	0	0	0	0	0	228	0	0	254	59	60	93	0	50.9272	3.28672
69	71	190	84	176	0	226	0	0	0	0	70	0	0	0	0	0	58	0	0	0	55	0	0	0	0	256	0	0	0	0	60.4642	4.8786
76	0	0	87	168	60	0	0	0	0	0	0	62	0	0	0	0	0	0	0	0	55	0	223	0	222	0	0	0	96	0	51.4506	4.91695
0	0	0	0	169	0	231	65	0	0	0	0	0	0	0	280	70	56	0	58	0	55	0	0	0	234	0	0	0	97	0	61.3827	4.53501
67	0	0	84	0	0	230	0	0	0	0	0	0	0	0	0	76	0	79	0	0	0	0	0	0	225	0	70	62	86	0	43.5014	3.27738
0	0	0	0	0	0	0	0	84	0	0	0	67	0	0	0	0	0	73	53	0	0	0	0	0	0	257	0	65	88	73	34.8954	3.11107
0	74	190	0	0	61	231	0	0	0	0	72	0	0	236	280	0	0	0	50	173	0	0	0	0	0	0	0	0	94	0	61.0754	3.54104
71	0	0	86	0	0	0	67	78	0	0	0	0	0	229	280	0	0	0	0	174	53	0	0	0	217	0	0	0	0	0	52.9865	3.92346
0	0	0	0	0	69	0	0	88	0	0	0	0	0	0	280	80	0	0	57	0	0	55	0	0	0	0	0	0	88	70	34.2001	1.68125
0	0	0	86	0	0	228	61	0	0	78	0	0	0	0	0	76	54	0	0	0	0	47	0	233	230	0	0	0	0	0	52.0258	3.43552
0	0	185	0	0	0	0	0	0	0	0	0	0	41	0	0	0	0	68	0	176	51	0	0	0	0	0	70	0	0	0	26.0376	1.51892
0	0	190	0	171	0	231	0	0	0	74	0	0	58	0	0	0	0	78	0	0	0	52	0	0	0	0	0	62	0	70	48.7961	4.28808
0	0	0	0	169	0	0	0	0	0	0	78	61	56	0	0	0	0	0	0	0	0	0	0	231	0	250	65	0	89	0	50.1848	4.49196
76	0	0	84	0	63	0	67	0	0	0	0	0	0	0	282	0	0	0	0	172	0	0	0	0	0	255	64	0	0	0	46.6589	2.41276
0	75	0	0	0	70	220	0	0	0	79	0	0	0	0	269	0	61	0	0	175	0	0	0	0	0	257	0	0	0	0	54.4187	2.5511
0	0	0	87	0	69	232	0	0	0	76	0	0	53	0	0	74	0	0	0	0	0	0	0	0	0	257	69	0	0	73	45.628	2.66851
75	0	0	88	0	0	0	0	0	75	0	0	0	54	231	0	0	0	0	0	0	0	56	0	226	0	257	0	60	0	71	53.6866	4.07705
0	74	183	0	0	0	0	0	0	72	0	0	0	0	229	282	0	59	72	0	0	0	0	0	0	235	0	0	0	0	65	53.6372	3.44256
62	0	0	0	0	69	221	0	0	0	0	0	68	42	0	0	0	0	69	0	0	57	59	0	0	0	0	0	0	0	70	33.2004	2.14771
75	0	181	0	0	0	0	0	0	85	0	0	0	0	0	0	0	44	72	0	169	0	47	226	0	0	0	0	0	97	0	45.8284	2.77312
0	0	0	0	0	64	0	0	0	79	70	0	0	0	235	0	78	0	79	58	0	0	0	0	0	0	0	0	0	99	0	33.5458	2.35737
63	0	185	0	0	0	0	0	0	0	79	0	64	0	0	0	0	0	0	0	0	49	0	223	235	0	0	63	0	0	0	44.5541	2.53849
0	0	190	0	0	68	0	0	0	0	0	0	0	58	230	0	0	0	0	0	0	0	0	0	229	0	254	73	0	86	74	55.868	3.49302
0	76	0	83	175	62	237	0	0	0	0	76	71	0	0	0	0	0	0	0	0	0	0	0	0	0	0	0	66	0	0	41.7073	4.4154
61	0	0	0	0	0	0	67	90	72	79	72	0	44	0	0	0	0	79	0	174	0	0	0	0	0	0	0	0	0	0	35.3269	2.86923
0	0	0	0	0	66	221	0	0	0	0	73	0	57	231	0	0	0	0	0	0	0	0	234	0	221	0	0	66	0	0	52.416	4.53367
69	0	0	0	174	0	229	0	0	0	0	74	0	0	225	0	77	0	72	0	0	0	54	0	0	0	254	55	0	0	0	61.2342	5.46834
0	0	188	0	182	0	0	66	0	0	0	78	0	0	0	0	79	0	79	0	0	0	59	0	0	0	0	0	0	0	0	37.5068	3.70465
0	0	182	89	0	0	0	0	0	80	73	0	0	0	0	0	0	48	0	0	167	0	0	0	0	231	252	72	0	0	0	53.7709	3.65328
65	0	0	0	0	0	237	0	0	0	0	0	0	0	0	0	0	0	0	0	173	0	0	0	236	0	252	55	62	91	0	53.8078	3.30031
0	0	0	0	0	70	232	0	0	0	73	78	0	0	0	265	0	0	0	0	176	0	55	0	225	0	0	0	0	0	0	54.0292	2.6572
0	77	0	0	0	0	237	67	0	0	0	0	70	0	229	0	0	58	0	0	170	0	52	0	0	0	256	0	0	0	0	53.4354	4.05402
0	77	184	80	177	65	0	0	91	76	0	0	0	0	0	280	0	0	70	0	0	0	0	0	0	0	0	0	0	0	0	53.4515	4.29354
0	0	0	84	0	0	227	0	0	0	0	0	0	0	0	0	72	0	80	54	0	0	0	0	236	0	257	0	55	0	67	54.4612	3.62991
71	0	191	0	171	0	0	61	0	0	0	68	71	0	233	0	0	46	77	0	0	0	0	0	0	0	257	0	0	0	0	58.8906	5.40213
0	0	184	0	182	0	0	0	85	0	75	0	64	48	0	0	0	0	0	52	0	0	0	0	229	232	0	0	0	0	0	58.5843	5.45254
0	0	0	0	173	59	0	62	0	0	0	0	71	0	0	0	0	59	0	0	176	0	57	0	0	222	0	0	0	0	0	44.3029	4.43663
0	0	0	0	0	0	0	0	0	0	0	70	0	53	0	274	0	60	0	0	176	53	59	0	0	221	0	0	0	0	71	44.7948	2.69687
0	75	0	0	0	61	0	0	0	83	0	74	0	0	0	275	0	55	73	0	0	0	0	0	0	232	0	0	0	98	0	45.2573	2.82405
0	0	188	86	0	0	0	57	0	72	72	0	69	50	0	0	0	0	0	0	0	0	0	0	0	0	0	0	60	0	0	28.3971	2.17094
0	77	0	0	177	0	238	0	0	75	0	0	0	0	0	0	73	0	69	0	176	0	0	0	0	0	0	0	0	0	74	48.0233	4.13807
0	0	0	0	0	0	0	0	89	0	74	0	0	0	232	0	81	49	0	0	0	0	50	0	232	0	257	0	0	0	0	49.6576	3.45027
0	74	0	0	0	0	0	0	86	0	0	0	0	0	0	0	0	0	66	50	170	0	0	0	224	0	253	70	0	89	0	51.4369	3.74423
67	0	186	0	0	0	0	0	0	77	0	0	0	0	231	265	80	0	0	0	0	0	0	0	0	225	0	0	55	0	0	48.5658	2.98265
0	69	0	83	0	0	230	0	0	0	0	73	71	0	231	0	81	55	0	53	0	0	0	0	237	0	0	0	0	0	0	53.1701	3.80919
0	0	191	80	171	0	0	0	0	0	0	0	0	43	0	0	0	58	0	0	172	0	51	0	0	222	0	0	0	99	0	52.139	4.64551
0	77	0	0	0	68	0	0	81	84	0	79	0	0	0	280	0	0	0	58	0	0	0	0	0	223	0	0	0	88	0	45.5756	3.2583
0	0	0	0	0	0	0	0	83	0	0	0	0	0	0	0	0	48	75	57	0	54	58	0	0	0	0	0	0	0	64	21.3814	1.8039
64	0	0	0	170	0	0	0	0	0	0	72	0	0	0	266	35	50	0	0	98	0	0	222	0	219	249	0	0	0	0	69.4713	5.35765
74	0	0	0	175	0	0	0	89	0	0	0	0	46	0	0	0	0	0	0	0	0	59	233	0	228	257	0	63	0	0	61.7603	6.27268
0	71	0	81	177	0	0	0	91	0	0	0	0	57	0	0	0	0	0	0	0	0	0	0	0	0	0	0	0	90	0	29.7785	3.61982
72	0	0	0	0	0	225	66	0	0	0	0	0	0	0	0	0	0	0	0	0	0	0	0	0	233	0	65	62	0	0	31.7569	2.63399
0	0	0	0	0	70	0	0	0	0	0	0	0	0	233	276	79	0	78	57	174	0	0	233	0	0	0	0	0	0	78	56.4541	3.34405
0	0	0	0	0	0	0	0	0	0	0	0	64	0	227	0	77	0	0	58	0	0	0	0	0	223	248	69	0	0	0	41.5537	3.53148
0	0	0	0	181	69	0	61	0	0	0	0	0	52	0	0	0	49	0	0	0	0	0	231	0	0	0	67	65	0	77	43.5365	4.20399
75	76	190	0	0	0	0	67	90	0	0	71	0	0	235	0	0	0	0	49	0	0	0	0	0	0	0	0	66	0	73	41.3064	3.76301
0	0	0	0	176	0	0	63	0	0	0	0	67	50	0	273	0	0	77	0	0	46	0	0	0	0	0	0	0	0	0	37.0822	3.23952
67	73	185	86	0	0	0	0	0	0	0	0	71	0	230	0	0	0	79	45	0	0	0	0	0	0	0	0	0	0	0	35.3758	2.9198
72	75	0	0	0	63	0	0	84	0	0	0	0	51	0	0	0	0	0	0	177	59	0	0	0	0	0	0	0	0	0	26.7426	1.89033
68	0	0	0	172	0	0	0	0	0	0	0	0	0	0	0	0	53	0	0	0	0	54	223	0	0	253	0	66	0	72	48.5729	4.4734
0	74	0	0	0	65	0	0	0	70	0	0	0	0	0	283	78	0	0	0	0	0	0	205	237	230	0	0	0	85	0	60.7363	3.40529
