0	1	2	3	4	5	6	7	8	9	10	11	12	13	14	15	16	17	18	19	20	21	22	23	24	25	26	27	28	29	30	Risk	Income
0	0	0	0	181	0	0	0	90	84	0	0	69	0	0	0	0	0	0	52	166	0	0	222	0	230	0	58	62	0	0	60.009	6.33354
0	0	0	0	0	0	0	67	0	0	0	0	0	0	0	0	0	0	79	50	171	50	47	0	0	0	252	0	0	98	0	97.5735	2.78762
0	0	183	0	0	0	0	0	0	84	79	78	70	59	0	0	0	0	0	0	0	47	0	233	227	0	0	0	0	0	0	147.547	3.23408
0	0	181	80	0	0	0	0	0	77	0	0	62	58	0	0	74	0	0	0	0	51	0	0	0	0	0	0	0	0	0	172.812	1.48192
0	76	181	87	0	0	0	65	0	0	0	72	0	0	234	0	0	0	0	0	172	0	0	0	0	225	0	0	63	0	0	221.952	4.51146
74	0	0	0	0	0	0	0	0	84	0	0	70	50	0	0	0	0	79	0	0	0	0	0	0	220	0	70	0	0	65	254.135	2.65187
0	0	188	82	0	0	0	0	83	0	0	77	0	0	0	0	0	0	0	57	0	0	58	0	0	0	0	59	55	0	0	282.942	2.64247
0	0	0	0	0	0	0	63	0	82	0	0	0	0	232	266	70	0	79	0	0	0	49	0	0	0	256	71	0	0	0	333.165	3.20265
65	0	188	0	0	0	0	0	0	0	0	0	0	57	0	274	0	52	0	0	0	0	0	0	0	230	0	0	58	99	0	376.048	2.26834
65	0	0	0	0	68	0	0	87	0	0	0	68	0	0	279	0	0	0	0	176	56	0	233	0	0	0	0	0	0	0	422.473	2.64373
74	0	0	0	0	0	0	0	78	0	0	74	0	0	0	0	0	0	0	0	0	54	0	235	0	0	257	0	0	0	76	462.292	3.0665
0	0	0	0	173	69	0	0	86	0	73	0	64	58	0	0	0	0	66	0	0	0	0	0	0	0	0	0	0	0	66	497.958	3.77071
0	0	189	0	0	0	0	67	0	0	78	71	0	0	0	0	82	0	0	0	0	0	0	0	0	224	0	63	0	0	0	531.597	2.38934
0	0	0	0	0	0	0	0	0	76	78	0	69	52	0	283	0	57	0	0	0	0	0	232	0	220	256	55	0	0	0	594.012	3.88237
0	0	188	0	0	0	0	0	0	0	0	74	67	0	0	0	0	52	79	0	168	0	52	0	0	220	0	0	0	0	0	634.773	3.15388
0	76	187	80	0	0	230	65	0	84	0	0	69	46	0	0	0	0	0	0	0	0	0	0	0	0	0	65	0	0	0	674.171	2.77196
0	0	0	0	0	0	237	0	0	0	0	78	0	0	0	0	0	61	0	59	0	0	51	230	236	0	0	0	0	0	69	723.863	3.24788
75	0	187	0	0	0	0	0	0	0	75	0	63	0	0	283	0	0	0	0	172	0	0	0	0	218	0	0	61	0	0	771.646	2.71987
76	0	0	0	0	0	0	0	0	0	0	0	0	59	233	0	80	0	0	0	0	50	0	224	237	0	0	0	0	0	0	815.689	2.85169
0	0	0	0	172	61	0	0	0	80	0	71	0	55	0	0	0	0	0	0	0	60	0	0	237	234	0	0	58	0	0	868.058	5.00983
75	76	0	83	0	0	0	0	85	0	0	0	0	52	0	0	0	58	0	0	0	0	0	0	237	0	0	0	0	0	0	900.822	2.2448
59	0	0	0	175	68	0	0	0	0	0	75	0	0	229	0	76	0	0	0	0	48	0	0	0	0	0	61	0	0	0	937.994	3.64945
0	72	0	0	172	0	221	0	87	0	0	0	0	55	0	0	0	62	65	0	172	0	0	0	0	0	0	0	0	98	0	988.747	4.59007
0	73	0	0	182	70	0	0	0	0	0	0	0	0	0	0	0	55	79	0	0	56	0	0	0	0	253	70	0	0	0	1032.22	3.94551
0	69	191	0	0	0	0	66	0	0	0	74	0	57	235	0	0	0	77	0	0	57	0	0	0	0	0	0	0	0	0	1067.13	2.93681
76	76	0	0	182	0	0	0	0	0	0	0	0	0	0	275	0	0	75	0	0	50	52	0	0	224	0	69	0	0	0	1118.09	4.40121
61	0	0	88	178	0	227	0	0	0	0	78	0	44	0	280	0	0	0	0	0	0	0	232	0	0	252	0	61	0	0	1189.96	5.67971
0	0	0	0	178	0	228	0	0	0	0	0	0	43	0	0	0	0	70	54	0	0	59	0	0	220	249	0	0	0	77	1249.55	5.64248
0	0	0	0	0	0	233	63	0	81	76	0	0	53	0	0	0	0	0	0	0	0	0	0	230	0	0	66	0	0	0	1287.96	2.29942
0	0	0	0	0	0	0	65	0	0	0	68	0	0	0	0	0	0	0	0	175	0	0	0	0	226	256	64	0	0	68	1329.22	3.38372
0	76	0	0	0	0	0	0	87	0	0	0	71	0	235	0	0	0	0	57	169	60	0	231	0	0	0	0	0	0	78	1375.73	4.10145
0	74	0	0	0	0	0	58	0	80	0	77	0	0	0	283	0	0	72	0	174	55	0	0	0	0	0	0	0	88	0	1416.74	2.42106
0	0	0	0	0	0	0	60	88	79	0	76	71	0	0	273	0	0	0	0	173	0	0	0	225	0	0	0	0	0	0	1464.32	2.99955
73	0	0	0	0	68	0	0	87	0	0	72	0	0	0	279	0	0	0	0	174	0	52	233	0	0	0	72	0	0	0	1514.23	3.02332
0	74	0	84	0	0	237	0	0	84	0	0	0	58	232	0	81	0	0	0	0	0	0	0	0	227	0	0	0	0	73	1564.06	3.98531
0	0	0	0	0	0	0	0	88	78	0	0	0	0	235	0	0	0	69	0	169	0	0	0	235	0	0	72	0	0	63	1610.19	3.57707
0	0	191	0	0	0	0	67	0	0	76	0	0	0	0	274	0	0	69	0	0	59	0	0	226	0	0	0	60	95	0	1659.35	2.43581
75	0	185	0	0	0	0	0	83	0	0	0	63	0	231	0	0	49	72	0	0	0	56	0	0	0	0	0	0	88	0	1698.04	2.99788
0	74	0	0	179	0	0	0	0	79	0	0	62	58	0	0	0	0	0	0	0	0	0	234	231	0	0	62	0	93	75	1755.24	5.0244
0	0	191	83	0	70	0	61	0	0	0	0	0	0	0	274	0	0	0	56	0	0	0	0	0	0	256	72	0	0	0	1801.71	2.40088
0	0	0	0	173	0	0	0	0	0	0	0	0	0	234	0	73	0	0	50	0	0	0	232	0	0	0	54	59	91	0	1846.95	4.60908
0	0	185	0	0	70	0	66	0	81	0	0	0	0	234	0	0	54	77	0	0	53	0	0	0	0	0	61	0	0	0	1885.09	2.58064
73	76	0	0	0	0	236	0	89	0	0	75	0	0	0	0	0	0	0	54	0	0	59	0	228	0	0	0	64	0	0	1930.15	3.56814
62	75	0	0	0	0	0	0	80	0	0	73	70	0	0	277	0	0	75	0	0	0	0	233	0	0	0	0	0	0	0	1972.97	2.9889
74	0	0	0	181	65	0	0	82	0	0	0	0	54	0	279	0	0	0	0	0	0	0	230	0	0	257	0	0	0	69	2036.78	4.88959
65	74	0	0	0	0	0	65	0	85	0	0	0	0	235	0	0	0	0	49	0	58	60	0	0	0	0	0	0	0	0	2065.42	2.54093
0	0	0	0	182	0	0	0	82	76	0	0	0	50	234	0	0	0	0	55	0	58	50	234	0	0	256	0	0	0	0	2128.26	6.25782
0	0	0	0	0	66	0	65	88	0	75	0	0	0	0	270	0	0	66	0	0	0	0	235	0	233	0	0	0	0	0	2179.81	3.62805
67	0	191	0	0	0	0	0	0	79	0	73	0	56	0	0	77	0	0	0	175	0	0	231	0	0	0	0	0	0	77	2226.19	2.77191
59	0	0	0	182	0	237	67	0	0	73	0	0	51	0	269	0	0	0	0	0	0	0	0	0	0	254	0	57	0	0	2286.07	4.54376
0	78	182	0	0	0	0	59	0	0	0	0	0	0	234	0	0	0	79	59	0	0	0	0	0	0	0	0	65	0	0	2317.81	2.89472
0	0	0	0	0	69	0	0	84	0	78	0	0	0	0	0	0	0	70	0	176	0	0	0	0	0	0	0	57	92	0	2347.09	2.24281
0	0	187	0	0	65	0	67	0	0	0	0	0	58	0	274	0	0	0	56	0	0	0	0	232	234	0	0	0	0	0	2400.72	2.98842
61	0	0	0	0	0	0	0	0	0	77	0	0	0	0	280	0	0	67	54	171	0	0	0	234	0	0	0	0	99	72	2451.13	2.3541
65	0	0	87	178	0	238	67	88	0	0	0	71	0	0	0	80	0	0	0	0	0	0	0	0	0	0	0	0	90	0	2498.65	4.50765
0	0	0	0	181	64	0	0	0	0	0	0	0	0	229	279	74	0	80	56	0	54	0	0	0	0	0	0	0	0	0	2546.53	3.84003
74	0	185	85	174	0	0	0	0	0	0	0	71	56	0	0	0	0	0	0	176	0	0	0	0	0	0	0	0	97	0	2590.29	3.83726
0	0	0	0	0	0	235	0	85	0	78	77	71	0	0	0	0	55	0	0	0	0	0	0	235	232	0	0	0	0	0	2641.45	3.86258
0	0	0	80	0	0	0	0	0	0	74	71	0	0	0	0	0	46	0	0	0	0	57	0	0	233	257	0	0	0	0	2679.4	3.13012
0	75	0	0	172	0	0	0	0	0	0	0	0	0	0	0	0	0	0	0	0	57	0	0	225	0	0	71	0	0	74	2713.99	3.23653
74	0	0	0	0	0	0	61	88	0	0	76	0	0	0	0	81	59	0	0	0	0	0	0	0	227	0	0	0	0	0	2744.8	2.55427
0	0	0	0	171	0	0	64	0	0	0	0	0	0	0	0	0	0	71	54	0	53	0	0	0	0	254	57	0	92	76	2789.06	4.24158
0	76	0	0	181	0	0	0	0	0	0	0	0	47	0	270	81	57	0	0	0	0	0	235	0	225	0	0	0	0	78	2849.1	4.70538
0	0	0	0	0	65	0	0	87	79	0	73	0	0	0	0	0	0	0	0	0	59	53	235	0	0	0	0	0	99	68	2886.97	2.98443
76	77	0	88	0	70	0	62	0	0	0	0	0	0	0	0	0	0	0	0	167	46	0	0	0	0	0	0	0	0	0	2913.1	1.78563
0	68	0	0	0	0	0	62	0	75	0	0	0	0	234	284	0	51	0	0	0	0	56	0	231	0	250	0	0	0	78	2974.22	3.70583
0	71	0	0	0	0	0	62	0	0	0	76	0	0	0	271	0	44	0	0	0	0	0	0	237	0	0	0	0	0	65	3011.14	1.84651
64	0	0	0	179	0	236	0	0	79	0	0	0	0	0	0	0	0	0	56	174	46	0	0	0	233	0	0	0	0	0	3063.91	4.83417
0	75	0	0	0	0	0	0	0	0	0	72	0	0	0	269	0	0	0	0	0	0	0	0	224	228	0	0	0	95	0	3106.27	2.61045
0	0	181	0	0	0	0	65	0	0	77	0	0	58	0	0	0	61	0	58	0	0	0	235	0	232	251	0	0	0	0	3163.65	4.1053
0	0	0	0	177	0	0	0	0	0	74	0	0	56	0	0	0	0	0	44	175	0	0	0	0	0	0	72	0	94	77	3201.32	3.50445
0	75	0	0	0	0	235	55	83	0	0	0	0	0	0	283	0	0	0	0	0	0	47	229	0	230	0	0	60	0	0	3259.54	4.37562
0	0	188	0	0	59	225	62	0	0	0	68	0	0	0	0	0	0	79	54	0	0	0	0	0	0	0	0	65	0	0	3296.38	2.68321
0	0	0	0	0	0	0	56	90	0	0	0	0	0	226	0	74	58	0	0	0	0	0	0	0	0	0	72	55	94	65	3328.72	2.68643
0	0	0	83	176	0	0	0	0	70	0	0	0	0	0	284	0	0	66	0	0	0	0	0	0	0	258	61	0	0	0	3377.37	3.88986
0	0	0	87	0	0	0	0	0	81	73	0	0	0	232	0	0	0	0	0	169	45	57	0	227	0	0	0	66	0	77	3426.32	3.70627
64	0	0	0	175	0	0	0	84	81	0	76	0	0	0	0	76	0	0	0	0	55	58	223	0	0	0	0	0	0	0	3472.08	4.48782
0	0	0	88	0	59	0	65	84	0	76	0	66	0	0	280	0	0	76	0	0	0	0	231	232	0	0	0	0	0	0	3532.23	3.82926
72	0	0	0	167	65	0	64	85	0	0	0	0	0	0	0	0	0	0	0	0	0	49	0	232	0	0	0	0	98	0	3576.05	3.99215
0	73	0	89	169	0	0	62	0	0	0	0	63	0	0	0	80	48	0	0	0	0	0	0	0	0	254	64	0	0	0	3620.41	4.1583
0	0	0	0	174	70	223	0	0	0	79	71	64	0	0	0	0	0	0	0	170	0	0	235	0	0	0	0	0	0	0	3675.35	4.77579
0	0	0	84	0	0	0	0	0	0	0	70	69	0	0	0	0	48	0	46	0	44	59	0	0	0	0	0	0	89	0	3697.24	1.82756
0	0	188	0	0	0	227	0	0	0	0	78	0	0	0	0	75	58	73	0	0	0	50	235	0	0	0	0	0	0	0	3743.59	2.84017
0	76	0	0	0	67	0	65	0	0	0	69	0	0	0	0	0	0	0	0	0	0	0	231	0	0	0	0	0	84	72	3773.78	2.34227
0	0	0	80	0	70	0	0	0	0	0	0	68	0	0	0	0	0	0	0	168	0	55	0	0	0	0	57	65	96	75	3804.75	2.38029
0	77	185	0	181	0	0	64	0	80	73	0	0	0	0	0	0	0	0	0	0	0	0	235	0	0	0	0	0	98	76	3856.59	4.56682
68	0	0	0	174	0	0	0	88	0	79	0	0	58	0	0	0	61	0	0	0	0	0	0	0	233	255	0	0	0	67	3911.46	5.1203
0	0	0	87	180	61	0	0	0	79	0	0	0	0	0	283	0	0	0	0	0	0	0	0	230	0	0	0	54	95	0	3963.48	3.86955
69	0	0	0	168	0	232	0	0	0	0	0	68	0	0	0	0	0	0	0	0	49	0	0	0	231	0	0	57	0	0	4006	4.35352
0	0	0	84	179	0	0	0	0	0	75	0	71	0	234	0	75	0	0	0	0	0	0	0	236	0	0	0	0	0	66	4055.47	4.5395
0	0	0	0	0	0	237	64	0	0	0	0	0	50	228	0	0	0	0	0	0	56	0	225	0	0	0	0	0	0	69	4096.42	3.15045
70	0	0	0	0	0	0	0	0	0	0	0	0	0	0	283	81	52	66	0	174	0	0	0	234	0	0	65	0	0	73	4146.01	1.94896
0	75	0	0	0	0	0	0	82	74	0	0	0	0	0	0	0	51	0	0	0	0	58	0	0	224	0	0	0	99	0	4175.94	2.69345
0	0	0	0	0	0	0	0	88	82	0	67	0	53	0	278	0	0	0	48	0	0	0	0	0	0	0	60	0	0	76	4208.44	2.01974
0	69	0	0	0	0	0	0	0	84	0	0	71	44	229	0	0	0	71	0	0	59	46	0	0	0	0	0	0	0	0	4236.99	2.64256
0	0	0	0	0	0	0	65	0	0	0	0	0	0	0	0	77	60	78	53	0	0	0	0	0	0	255	0	62	0	79	4271.19	2.42097
0	0	0	0	0	0	0	0	0	74	0	78	0	0	0	283	71	0	78	0	0	0	0	233	0	0	255	0	62	83	0	4325.95	3.37357
0	0	0	89	0	0	0	0	0	0	72	0	0	55	0	0	0	0	0	0	0	56	0	232	0	0	257	63	0	0	69	4367.28	2.90542
0	74	189	0	0	0	0	67	0	81	77	0	0	45	0	277	0	0	0	0	0	59	0	0	236	0	0	0	60	0	0	4418.55	2.63869
0	74	0	0	0	0	0	0	0	0	0	0	0	47	0	0	0	47	70	0	0	59	0	0	0	228	0	67	0	84	0	4448.48	2.397
0	0	0	0	0	61	0	60	0	0	77	0	0	0	232	0	0	0	78	0	0	49	0	229	0	0	0	0	0	0	73	4487.41	3.04274
0	0	185	0	0	0	165	0	87	84	0	0	0	0	233	0	0	0	0	0	0	0	0	168	232	0	256	0	0	0	0	4552.91	4.62317
71	0	0	0	0	0	0	0	0	0	79	0	0	0	0	0	0	0	72	0	0	0	59	226	237	234	0	0	65	0	0	4603.62	3.91965
0	0	0	87	0	0	0	0	89	82	0	0	0	0	0	275	0	0	0	0	176	0	50	0	0	0	253	0	0	0	70	4651.89	3.03185
65	70	0	0	0	0	0	0	89	82	0	0	0	0	0	282	69	0	0	0	169	0	58	0	0	0	0	72	0	0	0	4692.93	2.2257
0	0	0	0	0	0	229	0	0	73	0	74	0	0	0	0	77	62	66	0	176	0	0	0	0	232	0	0	0	0	0	4739.01	3.19397
0	0	0	0	0	0	0	0	0	70	0	77	0	0	0	0	0	0	0	58	0	0	0	232	236	0	257	61	0	0	74	4790.26	3.59146
63	74	0	0	183	68	221	65	0	82	0	0	0	0	0	0	0	0	0	0	0	0	0	0	224	231	0	0	0	0	0	4851.81	5.36549
0	77	0	0	0	70	0	0	86	0	0	0	0	57	0	0	81	0	0	0	0	0	0	0	0	231	0	61	0	0	75	4885.39	2.71539
0	0	0	0	0	0	0	0	0	0	73	0	71	0	0	283	0	0	0	0	0	0	0	0	235	232	0	70	58	0	0	4930.32	2.75658
0	72	0	0	0	0	0	0	0	0	79	0	0	0	235	283	0	0	0	57	0	0	0	0	237	0	252	0	65	0	0	4986.33	3.55396
0	77	0	0	0	0	0	0	0	0	0	76	0	0	0	0	72	46	0	0	170	0	57	0	0	225	253	0	0	94	0	5034.19	3.57666
0	0	0	82	0	0	0	0	0	75	0	0	0	45	0	0	0	0	72	55	0	0	58	235	230	0	0	0	0	0	0	5077.4	3.20991
0	0	0	87	0	65	0	0	0	85	75	0	0	0	0	0	70	59	0	0	173	52	0	232	0	0	0	0	0	0	0	5119.79	2.43377
0	0	0	0	0	61	0	57	0	77	0	0	0	0	235	0	0	0	0	0	0	0	60	0	0	231	251	58	57	0	0	5167.17	4.24387
0	0	192	0	179	0	0	0	83	72	0	0	0	0	0	0	0	0	0	0	0	50	56	0	0	0	0	0	61	0	0	5201.96	3.7598
0	0	0	81	0	0	237	0	0	0	73	0	0	0	230	279	0	0	0	0	0	0	49	0	236	0	0	0	62	0	0	5256.28	3.30706
0	76	0	0	0	69	0	0	0	0	0	0	72	0	0	0	81	61	67	53	0	0	51	0	228	0	0	0	0	0	0	5293.62	2.26871
73	77	0	0	180	0	0	63	89	82	0	0	0	0	0	282	81	48	75	0	0	0	0	0	0	0	0	0	0	0	0	5345.14	4.05769
0	0	0	0	0	61	0	0	89	0	0	0	70	53	0	0	0	0	0	51	0	0	0	225	0	231	256	0	0	98	76	5401.93	4.68168
75	0	0	0	0	0	224	0	78	80	0	0	0	0	229	0	0	56	69	0	0	0	0	0	0	228	0	67	0	0	0	5451.49	4.03261
0	77	0	0	0	66	0	0	0	0	0	0	0	57	0	0	0	55	76	0	0	46	59	0	0	0	0	62	0	0	0	5474.91	1.57531
0	0	0	0	0	0	0	0	0	0	0	77	0	0	230	0	0	44	74	48	172	0	46	230	0	0	0	0	0	0	0	5516.9	3.51287
0	78	185	0	0	0	234	0	0	84	0	79	0	0	0	271	0	0	0	0	0	0	0	0	0	226	0	63	62	0	0	5571.23	3.51586
65	69	0	0	0	0	0	0	0	0	72	0	70	0	227	0	0	0	0	0	0	0	0	0	238	0	255	0	0	92	0	5619.49	3.39865
0	0	174	0	0	0	232	0	32	0	0	74	0	0	0	0	76	0	0	0	176	0	0	235	0	233	0	0	0	92	78	5682.54	4.35827
0	76	0	0	0	0	0	0	0	0	75	0	0	0	0	0	0	0	68	0	174	0	49	0	227	0	0	0	0	0	76	5718.27	2.3237
0	0	0	0	0	64	0	0	0	78	71	78	0	0	0	271	0	0	0	53	0	59	59	0	0	0	0	61	0	0	0	5752.38	1.73629
0	0	0	0	179	0	0	0	0	0	0	73	0	0	230	0	0	0	0	51	0	50	45	0	0	226	0	0	0	0	0	5792.98	4.86692
0	0	0	0	0	66	0	0	0	0	0	0	67	0	235	274	0	53	73	0	169	0	0	0	0	0	0	0	0	0	78	5835.96	2.4351
0	0	0	0	0	60	223	56	0	0	0	0	69	0	0	0	0	55	0	0	0	60	0	225	231	0	0	0	66	0	0	5885.97	3.27501
72	0	187	0	0	0	230	0	80	0	0	74	0	0	0	0	0	0	0	0	0	58	0	234	237	0	0	0	0	84	72	5947.61	3.9074
0	0	0	87	0	0	0	0	89	0	76	74	0	0	0	0	0	0	76	0	0	52	0	231	0	0	0	0	66	96	0	5987.04	3.53286
0	71	0	0	0	67	0	0	0	0	0	0	0	0	227	0	81	0	0	54	177	0	54	0	224	0	0	0	0	0	0	6030.29	2.92714
0	0	0	0	0	0	234	65	0	0	79	0	71	0	227	0	0	46	0	0	170	0	0	0	228	0	258	0	0	0	0	6093.36	4.2497
75	0	188	0	0	0	0	60	82	0	0	0	0	0	0	0	0	0	70	0	170	59	0	0	0	0	0	0	0	93	0	6128.88	2.38378
0	0	0	0	181	71	0	0	0	0	76	0	0	0	0	0	79	57	0	0	174	0	0	0	0	235	0	68	0	0	0	6176.04	4.05011
73	0	0	0	171	0	0	57	0	0	0	0	0	0	0	0	0	52	68	0	0	0	0	228	0	233	0	71	66	0	0	6227.24	5.15866
0	0	0	0	0	0	0	61	0	0	0	78	68	41	0	0	0	61	0	56	0	0	57	0	0	218	0	0	0	0	0	6256.51	2.76531
0	0	189	0	0	63	0	0	0	83	79	73	0	0	0	0	78	0	66	0	168	0	0	0	0	0	257	0	0	0	0	6305.59	2.87072
72	0	0	0	0	0	0	0	0	75	0	0	0	58	0	0	0	52	0	0	0	0	0	0	0	227	257	0	0	100	75	6347.06	2.87513
0	0	0	0	0	0	230	0	58	0	0	0	0	0	103	229	51	0	0	0	0	51	0	0	237	226	253	0	0	0	0	6412.74	4.11178
0	0	0	0	169	0	237	65	0	84	0	0	69	0	0	0	80	0	0	46	176	0	0	0	0	225	0	0	55	0	0	6470.99	5.46687
0	71	182	0	174	0	236	0	86	0	0	77	0	0	231	0	0	0	0	0	0	0	0	0	0	0	0	0	60	95	78	6529.42	5.72109
0	0	0	0	0	62	0	0	0	0	78	70	65	0	0	0	0	0	0	0	0	55	58	233	228	0	0	0	0	98	0	6574.27	3.00545
0	0	0	0	174	0	0	59	0	84	0	0	71	50	0	0	0	0	0	56	0	45	0	0	0	0	0	69	0	96	0	6608.79	3.65706
0	74	0	0	180	0	0	64	88	0	79	0	0	0	0	282	0	0	72	56	0	0	0	0	0	0	0	0	0	0	70	6656.32	4.22945
0	0	0	0	0	0	228	0	0	0	0	75	0	0	0	0	0	53	0	51	0	0	0	0	0	226	248	0	66	0	0	6699.92	3.52928
0	0	0	0	0	0	0	0	0	0	0	0	0	0	225	0	72	53	73	0	0	0	0	228	224	0	251	0	0	99	0	6757.31	3.81917
68	75	189	0	0	0	0	0	89	77	0	0	69	0	0	0	0	0	0	0	176	0	0	0	0	0	0	72	58	0	0	6794.76	2.85237
0	78	0	87	0	0	227	0	0	0	77	0	0	0	0	0	79	55	78	0	0	0	0	0	234	0	0	0	0	94	0	6842.77	2.74218
0	0	185	0	0	68	0	0	90	0	0	0	0	0	235	0	77	0	0	50	0	0	0	0	0	0	0	55	0	0	76	6878.29	2.53689
0	0	0	0	180	65	0	67	85	80	0	73	0	0	0	0	70	0	78	0	174	53	0	0	0	0	0	0	0	0	0	6926.18	4.64297
0	76	185	0	0	68	222	0	0	0	0	0	0	54	0	0	0	59	0	0	0	46	0	0	234	234	0	0	0	94	0	6984.9	3.53262
0	73	188	0	0	0	237	66	0	77	0	0	0	0	0	271	0	61	73	0	0	0	0	233	0	0	0	0	0	0	72	7045.79	3.28641
0	0	188	87	0	0	221	0	0	0	0	0	0	0	0	0	79	0	0	49	174	0	0	0	0	0	253	0	0	0	64	7096.15	2.95647
75	0	0	0	0	0	0	0	0	0	79	0	0	59	232	0	0	0	0	0	0	0	60	0	0	234	0	61	0	94	0	7133.49	3.128
71	0	0	88	169	0	0	65	0	0	0	0	0	0	234	0	0	0	0	0	0	0	0	0	228	227	248	0	64	0	0	7200.27	6.46338
73	0	190	0	0	0	0	62	0	0	0	78	0	0	0	0	0	0	75	53	167	0	0	234	0	0	0	0	0	98	0	7247.38	3.28732
0	0	188	0	180	66	0	0	0	0	0	69	0	42	0	282	0	0	72	0	0	0	0	0	0	0	0	0	60	87	0	7296.73	3.80659
0	0	0	0	0	0	0	0	89	0	0	0	0	0	0	282	0	0	0	0	172	0	0	232	0	0	253	57	0	0	0	7346.04	2.99319
0	0	0	0	0	60	0	61	85	0	0	0	65	0	0	0	0	0	80	0	0	0	0	0	237	0	0	58	61	82	0	7383.8	3.01897
0	72	0	87	174	0	0	0	0	0	0	0	0	43	0	0	0	56	0	0	173	0	0	0	0	0	0	0	55	91	0	7420.67	3.73084
65	0	0	0	179	68	0	0	0	0	0	0	0	0	226	0	79	56	0	0	0	0	0	0	0	0	253	60	0	0	0	7468.27	4.06036
66	71	0	0	0	0	228	0	0	84	0	0	0	46	0	0	0	0	0	0	0	0	0	235	0	0	0	0	65	0	0	7505.04	2.69052
69	0	0	0	0	59	0	0	90	0	0	66	0	0	234	0	76	0	0	57	0	0	0	0	0	0	257	0	0	0	0	7545.83	3.24401
69	0	0	0	177	0	0	0	0	0	78	0	0	0	0	0	79	0	0	58	168	0	0	0	225	0	0	0	0	87	75	7596.79	3.88799
0	0	0	0	0	0	236	0	0	70	0	78	62	0	0	0	0	51	0	57	0	0	0	0	0	0	250	0	0	0	0	7634.29	2.63443
0	0	0	0	0	0	0	62	0	75	0	69	0	0	0	0	77	0	0	58	0	47	0	0	236	231	0	0	65	0	0	7677.09	3.4134
0	0	0	0	0	0	233	0	80	0	0	0	0	0	0	0	0	0	0	54	173	58	52	0	0	234	256	0	0	99	0	7733.81	4.41096
0	78	0	88	0	0	0	0	0	0	79	71	0	0	234	282	0	53	74	47	0	0	0	0	0	0	0	0	59	0	0	7778.57	3.2056
0	0	189	0	0	0	0	0	0	75	0	0	0	0	0	269	76	60	72	0	0	0	0	231	0	0	0	72	0	84	0	7828.29	2.20729
63	0	0	0	0	0	0	0	0	0	0	66	0	0	235	0	79	0	76	0	176	0	57	0	0	0	0	68	0	0	0	7863.2	2.68042
74	68	190	0	0	0	0	0	0	0	0	75	0	0	0	283	0	0	0	0	174	0	59	0	0	0	0	0	61	0	0	7903.87	2.19265
0	0	0	0	177	0	0	0	0	0	0	0	0	0	0	213	0	44	0	0	175	0	0	0	231	231	257	64	0	0	0	7971.86	5.16542
0	0	189	83	0	0	0	0	90	0	0	0	69	0	0	0	0	61	0	57	0	0	0	0	233	0	254	0	0	98	0	8025.11	3.56018
0	0	0	0	0	0	0	0	0	0	0	75	0	56	0	279	78	53	0	0	0	56	0	231	0	0	254	0	65	0	0	8076.38	2.88169
0	0	188	0	0	0	0	0	87	71	0	0	68	58	0	0	0	0	78	51	174	0	48	0	0	0	0	0	0	0	0	8114.86	2.99215
0	0	0	0	182	0	0	0	0	0	0	66	0	0	0	0	0	59	0	0	0	44	0	0	0	219	0	0	59	99	0	8150.64	4.01674
0	0	0	0	180	0	237	0	0	0	0	0	0	0	0	0	73	0	0	0	0	59	0	0	231	0	256	64	66	0	68	8211.56	4.85993
0	0	189	84	174	61	0	0	0	0	0	77	68	0	0	273	0	0	79	0	0	0	0	0	0	0	0	66	0	91	0	8265.42	4.15631
74	77	0	0	0	63	0	0	0	0	0	0	0	0	0	0	0	0	0	0	0	0	52	0	0	221	0	69	61	0	0	8292.19	2.34684
66	0	187	0	0	69	0	0	0	0	0	0	69	0	0	0	77	0	0	0	0	45	0	0	0	0	0	0	64	0	0	8316.61	1.27413
62	0	0	0	0	0	228	0	87	84	80	0	0	0	0	0	0	0	0	0	170	0	0	231	0	0	0	55	0	0	0	8363.53	3.20158
0	0	0	0	182	0	0	0	90	0	71	0	71	47	0	273	0	60	72	0	172	0	49	0	0	0	0	0	0	0	0	8417.24	4.39183
0	0	190	87	0	0	0	0	0	71	0	0	66	0	0	0	0	0	0	0	171	0	53	0	225	230	0	64	66	0	0	8472.15	4.14731
0	74	0	83	0	0	0	58	0	0	0	0	67	0	0	268	80	0	0	55	0	0	0	230	225	0	0	0	0	88	0	8527.67	3.2604
0	70	186	87	0	0	0	0	0	0	0	0	0	43	0	0	77	0	0	0	0	0	0	0	0	0	251	0	58	0	67	8564.41	2.46173
0	0	0	0	0	0	237	0	0	0	78	0	71	0	0	278	0	57	75	0	172	0	0	227	0	0	0	0	0	0	0	8619.17	2.8917
0	0	0	0	0	0	228	0	81	0	0	0	0	0	235	278	0	0	0	0	0	47	54	0	0	226	255	0	65	0	0	8682.53	4.77653
0	0	182	0	168	66	0	0	80	0	78	0	0	0	0	0	0	0	76	0	0	0	0	0	236	0	0	58	0	0	0	8732.3	4.11729
0	0	0	0	0	0	236	0	0	0	79	0	69	56	0	0	0	0	75	0	176	0	0	234	0	0	0	60	0	0	72	8781.68	3.37397
0	75	0	0	0	0	0	63	0	70	0	0	72	0	234	273	71	0	0	0	0	0	0	234	0	0	0	0	0	0	76	8830.74	3.23642
0	0	189	82	0	0	0	0	0	75	0	0	0	50	0	0	0	0	0	0	0	0	0	0	232	0	254	0	56	0	0	8874.82	2.8568
0	73	0	0	175	0	0	0	0	0	0	0	0	57	0	0	0	52	72	0	0	0	0	0	226	230	0	64	0	0	72	8927.25	4.84676
74	0	0	85	0	0	230	67	90	0	0	0	62	0	234	0	0	0	0	0	0	0	0	0	0	0	255	0	0	88	0	8979.25	4.26753
0	0	0	0	0	0	0	0	0	0	0	71	0	52	0	281	76	0	0	0	176	0	55	0	0	0	258	0	0	0	77	9024.98	2.38193
0	0	184	81	0	68	0	0	0	0	78	0	67	50	0	281	0	58	0	0	0	0	0	0	0	0	0	0	64	0	0	9064.85	1.8397
61	0	0	0	0	0	0	0	0	70	72	0	0	47	0	0	0	0	0	44	0	0	0	0	238	0	257	0	53	0	0	9105.63	2.62901
0	0	187	88	177	0	232	0	80	0	0	0	69	0	0	0	0	0	0	0	0	0	0	0	235	218	0	0	59	0	0	9171.95	6.09947
0	76	189	0	182	68	0	0	0	0	76	0	72	0	0	0	0	0	0	0	0	49	0	228	0	0	256	0	0	0	77	9234.2	5.17034
0	0	0	0	0	62	227	0	0	0	77	0	0	0	234	0	81	0	0	46	0	0	0	0	0	0	0	0	57	0	0	9268.1	2.36095
70	0	191	0	0	0	234	0	0	0	0	0	0	0	0	0	80	0	0	55	0	0	0	0	237	0	0	58	67	0	0	9313.33	2.43213
0	0	181	0	0	59	0	0	0	71	0	0	62	0	0	0	0	0	0	53	0	44	0	0	0	231	0	0	64	0	0	9346.9	2.69405
0	69	0	89	0	0	0	0	0	84	79	0	0	0	0	0	0	0	67	0	0	59	48	0	0	0	0	0	0	0	0	9369.7	1.81207
72	77	0	86	182	0	0	0	0	0	74	0	0	54	0	0	0	0	0	0	171	0	0	0	237	0	0	0	0	90	0	9422.14	4.41158
0	0	0	88	0	0	0	0	87	84	0	0	0	0	231	0	0	0	66	0	0	52	0	0	0	217	0	0	66	0	0	9461.14	4.06982
0	72	188	84	0	0	0	0	0	0	0	0	0	0	0	0	0	0	0	58	0	59	0	0	0	0	255	0	0	95	0	9496.45	2.37614
76	0	186	0	0	0	0	0	82	0	0	0	70	0	0	0	0	0	75	0	0	47	0	0	0	0	0	68	62	96	73	9531.91	2.64379
0	0	0	0	182	0	227	68	84	0	72	0	67	0	0	283	0	0	0	0	0	0	0	227	0	0	0	59	0	94	0	9596.74	5.18931
0	0	0	0	180	0	0	0	0	0	74	69	0	57	231	0	0	0	80	0	0	54	0	224	0	0	0	0	64	0	0	9647.2	5.34976
0	0	0	0	0	0	234	0	90	0	0	0	0	47	0	0	0	0	0	56	176	51	0	0	0	0	0	68	66	0	64	9685.28	2.95345
67	77	0	0	0	0	228	0	0	0	0	0	67	0	225	0	81	0	0	0	0	0	0	0	0	0	0	0	0	0	74	9719.21	2.39149
0	0	192	0	173	65	0	0	0	0	0	0	0	0	0	282	76	0	0	0	0	0	0	234	0	0	0	58	0	94	0	9774.24	3.56265
0	76	0	0	182	0	0	0	0	0	0	0	0	57	230	0	0	60	0	0	0	0	49	0	0	0	0	0	60	0	0	9808.48	4.01396
0	0	191	0	0	0	0	0	0	0	78	72	0	0	0	276	78	0	0	0	167	57	0	234	0	0	0	0	0	0	0	9858.73	2.33959
0	73	0	0	0	0	234	0	0	84	0	0	0	0	0	0	72	54	0	0	0	54	0	0	0	0	0	67	65	0	0	9889.22	1.85723
0	0	192	0	0	0	0	0	0	0	79	0	0	0	0	277	79	0	0	45	0	59	0	0	0	221	252	0	0	0	0	9941.73	2.72642
0	0	187	89	0	0	229	0	0	0	0	0	64	55	0	0	80	0	0	0	0	0	0	0	225	219	212	0	0	0	0	10005.1	4.13565
0	0	0	0	0	0	0	0	0	83	0	0	0	0	0	0	79	0	79	48	174	0	49	0	0	230	0	0	0	0	0	10039.9	2.73555
0	0	0	0	0	0	234	0	77	0	72	0	0	0	0	270	80	0	0	57	0	0	0	0	0	0	0	0	63	91	0	10080.8	2.18767
0	0	0	0	0	0	228	0	87	0	0	79	70	51	0	0	0	0	0	45	0	0	0	0	0	0	0	0	64	0	78	10112.5	2.89534
0	0	0	0	175	0	234	0	0	76	75	0	0	52	0	0	0	50	0	0	0	0	47	0	224	0	0	67	0	0	0	10164.2	4.0945
0	0	0	0	0	0	221	0	0	0	0	0	0	0	0	275	76	58	66	0	175	0	52	0	0	0	0	0	0	91	0	10208.9	1.90142
0	0	189	82	0	0	0	0	0	0	0	0	0	0	0	272	70	58	71	0	0	0	0	0	0	221	0	0	64	0	67	10256.2	2.69898
0	72	0	0	179	0	0	0	0	0	79	0	0	53	230	0	0	0	77	0	0	0	0	0	0	0	0	0	65	0	78	10296.1	4.48613
0	74	0	0	0	0	0	60	80	0	78	0	0	0	0	0	0	0	76	50	171	0	0	0	0	232	0	0	0	98	0	10338.5	3.74977
0	0	190	0	0	61	0	67	0	72	0	0	0	0	0	0	72	0	0	0	0	44	0	0	0	0	0	57	0	89	0	10366.2	1.36449
77	75	0	0	177	0	0	67	0	0	74	73	0	0	235	0	0	0	0	0	0	56	0	0	0	0	0	0	0	0	0	10405.1	4.23927
0	70	0	0	0	0	0	0	77	0	0	69	0	0	0	0	0	0	0	0	0	50	0	0	0	0	257	57	0	95	77	10437.9	2.6435
0	0	0	0	181	67	0	0	0	0	78	0	66	58	232	0	0	0	67	56	0	0	0	227	0	0	0	0	0	0	0	10489.8	5.16959
72	0	191	0	0	0	0	0	91	84	76	0	62	0	0	0	0	0	0	47	0	48	0	0	0	0	0	0	0	97	0	10523.4	2.2399
58	0	0	0	0	0	0	63	0	0	80	0	0	0	0	283	80	60	75	0	0	0	50	0	0	0	0	0	0	0	0	10556.7	1.27104
75	78	0	0	0	68	0	0	80	0	0	78	0	43	0	269	0	0	0	0	0	57	51	0	0	0	0	0	0	0	0	10591.5	2.05764
0	73	0	0	0	0	0	0	85	0	0	78	0	0	226	0	0	0	0	0	0	0	0	0	226	220	0	0	63	0	66	10637.5	4.39636
0	0	0	0	0	64	0	68	0	71	76	74	0	49	0	0	0	0	73	0	173	59	0	0	0	0	0	0	0	0	71	10673.7	2.53109
75	0	0	0	0	68	0	65	0	78	0	0	0	53	227	0	0	0	77	0	0	0	0	232	0	0	0	0	0	0	0	10714.3	3.17897
0	0	0	87	0	0	0	0	84	0	0	78	69	55	0	0	0	57	73	0	0	0	0	0	0	231	0	0	61	93	0	10754.8	3.96245
0	76	0	81	171	0	220	0	79	73	76	0	69	0	0	0	0	0	0	0	0	0	0	0	0	0	0	66	0	0	0	10799.9	4.52954
0	77	0	80	0	0	0	0	77	0	0	0	0	57	0	0	79	0	69	0	0	52	0	0	237	0	0	0	0	0	0	10835.8	2.56108
0	0	0	84	0	0	0	0	87	84	0	76	0	0	0	0	0	54	0	0	0	0	0	0	0	0	250	66	0	89	0	10871.8	2.83559
0	0	189	0	0	0	0	0	0	0	0	75	71	0	0	0	81	60	0	0	176	0	0	226	0	0	0	0	0	0	0	10911.5	2.37959
72	0	0	89	0	0	0	0	84	0	80	0	0	0	0	0	0	0	0	0	168	56	54	0	0	217	0	0	0	95	0	10952.3	3.30068
70	0	183	0	0	0	0	0	0	83	0	77	0	0	0	0	0	0	0	0	0	0	58	0	236	0	249	70	0	0	70	11002.6	3.08211
0	0	0	0	0	67	223	67	0	80	0	0	71	0	0	0	0	0	0	47	0	0	0	235	0	0	257	55	64	0	0	11057	4.07546
0	0	0	83	0	0	0	0	90	0	0	78	0	0	229	0	0	0	76	0	0	56	53	0	0	0	0	0	0	0	71	11089	3.25101
70	77	186	0	178	0	0	63	0	0	0	0	0	0	0	0	0	0	75	0	167	0	0	0	0	0	0	0	0	0	0	11129.9	3.78344
0	0	191	0	0	0	0	0	0	83	0	0	70	47	0	0	74	0	0	0	169	0	0	230	0	219	0	0	0	0	76	11182.2	3.62507
0	0	0	0	0	0	0	0	0	0	79	69	68	59	0	281	69	0	0	0	171	0	0	235	0	0	0	58	0	88	0	11233.3	2.77888
0	0	0	0	173	0	0	62	89	0	0	77	0	0	230	0	74	45	0	58	171	0	0	0	0	0	0	0	0	0	0	11280.6	4.90963
0	0	0	0	180	0	0	67	0	0	77	0	0	0	0	0	71	0	74	0	0	0	0	0	230	0	0	59	0	92	0	11324.9	3.80029
0	0	0	0	0	0	0	0	0	77	0	0	0	50	234	278	0	0	0	58	0	55	0	235	0	0	0	57	0	0	77	11372.3	2.99446
0	0	0	86	0	0	0	64	0	83	72	0	70	0	0	273	0	0	0	50	0	0	0	0	0	0	0	63	0	0	0	11404.5	1.86029
0	0	0	0	0	0	0	0	83	0	74	69	0	0	231	0	0	0	69	0	0	54	0	0	237	234	0	65	0	0	0	11455.5	4.39694
0	0	0	0	178	0	0	66	0	0	0	0	0	0	0	271	0	0	76	58	0	46	0	234	0	0	0	0	0	0	0	11502.3	3.96515
0	0	184	0	0	0	235	0	0	0	79	0	0	0	0	277	79	44	0	0	0	0	49	234	0	0	0	0	0	93	75	11561.4	2.61815
0	0	187	0	0	0	0	58	89	0	0	66	0	0	233	0	72	0	0	0	168	0	0	0	0	221	0	0	0	0	0	11608.6	3.9974
76	77	0	0	0	0	229	0	87	84	0	0	0	0	0	275	0	0	0	0	0	0	0	0	0	0	0	0	65	0	77	11650.3	2.50191
0	0	0	0	0	58	235	0	0	73	0	78	0	0	0	0	0	0	0	0	0	0	47	0	0	0	0	0	65	0	77	11678.7	2.13014
0	0	0	0	0	0	234	0	0	0	0	0	0	47	0	283	70	58	0	0	171	54	59	0	237	197	0	0	0	0	0	11743	3.28
0	0	189	0	0	0	0	0	87	79	73	0	71	0	234	277	0	0	65	0	0	0	0	0	0	0	0	0	54	0	0	11790.4	3.24718
0	0	0	0	183	0	232	0	0	0	0	0	71	0	231	0	0	0	71	0	0	54	0	0	0	0	0	0	0	0	0	11831.2	4.30092
60	0	0	0	175	0	0	60	0	84	0	0	0	0	0	282	0	0	0	0	0	54	0	0	0	0	0	0	0	98	0	11869.2	2.88108
0	0	0	0	0	0	225	67	0	0	74	0	0	0	0	282	76	0	75	0	0	0	53	0	0	226	255	0	0	0	0	11929.8	3.69634
63	0	183	0	141	0	230	0	0	0	0	0	63	54	0	280	0	55	0	0	0	0	0	0	0	0	253	0	0	99	0	11995.2	4.05235
66	0	0	0	180	0	0	0	88	0	0	0	0	54	235	0	0	0	0	46	0	0	0	0	0	0	0	0	56	0	0	12030.8	4.34208
77	76	0	0	0	0	0	0	0	0	0	76	0	0	0	270	75	0	79	0	169	0	0	0	0	0	0	0	54	97	74	12074.8	2.43073
0	49	189	0	0	0	0	0	85	0	74	0	0	0	229	0	0	40	0	0	0	0	0	0	235	0	256	0	0	95	67	12133.9	3.99005
0	0	188	82	0	65	236	0	0	0	74	0	0	46	0	0	0	0	79	0	0	0	0	0	227	0	0	0	0	90	0	12185.7	2.90694
0	73	191	0	0	68	0	0	0	84	0	0	70	42	228	0	0	0	0	0	0	47	0	228	0	233	0	0	0	0	0	12241.2	4.42731
0	0	187	0	0	66	0	0	0	0	0	0	0	0	0	0	0	59	75	0	0	0	0	224	232	0	256	0	0	0	0	12295.8	3.14025
59	0	0	0	0	0	0	0	0	0	78	0	0	0	0	0	0	0	78	0	0	0	54	0	0	224	258	72	0	0	73	12337.1	3.16834
0	0	185	0	0	0	0	0	0	0	79	76	70	0	0	0	0	0	0	0	168	0	0	0	0	234	0	68	0	0	0	12375.1	2.884
71	0	0	84	0	0	0	0	0	74	79	0	0	0	233	0	0	0	69	0	0	0	0	0	0	233	0	58	0	89	78	12420.7	3.77667
0	0	0	85	0	68	0	0	0	0	0	71	0	0	0	0	0	58	0	0	173	47	0	0	0	231	0	0	0	86	0	12457.3	2.72929
73	0	187	0	182	59	0	57	0	0	0	0	68	55	0	0	0	0	78	48	174	0	0	0	0	0	0	0	0	0	0	12506.8	4.35555
0	0	183	0	174	0	0	0	0	0	0	0	71	0	0	0	80	59	76	0	0	0	0	0	0	0	0	0	0	91	0	12543.5	3.11074
0	0	185	0	0	0	0	0	0	0	0	0	67	0	0	0	0	0	0	0	0	0	0	0	0	0	0	0	60	93	70	12562.1	1.27683
0	0	191	0	0	0	0	0	0	0	74	0	0	53	0	0	0	0	71	0	0	50	0	0	224	0	251	61	0	99	0	12612.1	2.86902
0	0	0	0	0	0	0	61	0	77	79	0	0	58	0	0	0	56	0	45	0	0	0	0	0	229	0	0	0	0	0	12640.6	2.25945
0	0	0	0	181	0	0	67	0	0	0	0	0	0	0	0	75	0	0	0	0	0	0	234	0	223	0	58	0	0	0	12683.5	4.42284
73	0	0	0	0	0	236	0	0	0	0	0	0	0	233	0	81	60	71	0	0	60	0	0	231	0	0	71	0	0	0	12734	2.95278
0	69	189	0	0	67	0	60	0	0	0	78	0	0	0	269	0	61	69	0	0	0	59	0	0	0	0	0	0	0	0	12774.5	2.0917
64	0	187	0	0	0	0	0	91	0	79	0	67	0	0	0	0	0	0	0	177	60	56	0	0	0	0	0	59	0	69	12813.9	2.83404
0	0	0	0	0	0	223	0	0	0	0	0	0	49	0	0	0	54	0	0	172	0	58	0	233	228	253	0	59	0	0	12876.8	4.4065
0	0	0	0	182	0	0	0	89	80	75	75	69	0	0	0	0	0	0	0	0	0	55	224	234	0	252	0	0	0	0	12945.8	6.29663
0	68	189	0	0	0	0	57	0	0	80	0	71	0	0	0	0	0	0	0	0	59	0	235	0	0	0	0	0	0	70	12982.4	2.51372
69	69	188	0	0	0	0	0	0	0	0	0	0	55	0	0	0	0	72	0	0	56	0	0	0	0	0	0	0	98	66	13011.3	1.69719
59	73	0	0	179	65	0	0	0	0	80	0	0	46	0	0	0	47	0	0	172	0	0	235	0	0	0	0	0	0	0	13060.6	4.16182
0	0	0	88	0	0	221	0	0	83	79	73	0	59	0	0	80	0	0	0	0	0	0	234	0	0	0	63	0	0	0	13106.2	3.06388
72	73	190	88	0	0	0	0	0	0	0	0	71	0	0	0	0	0	0	55	0	0	0	0	0	0	0	0	56	0	0	13131.6	1.98755
0	71	182	87	0	0	0	0	0	0	0	68	0	59	0	278	0	0	0	54	0	44	0	0	0	0	0	0	0	0	0	13167	1.90975
0	72	0	0	0	60	0	0	0	75	0	0	0	0	234	268	82	0	0	51	172	0	0	226	0	0	0	0	57	0	0	13222.8	3.54173
0	0	0	88	0	0	237	0	90	78	0	0	0	0	0	0	76	0	0	48	0	0	50	0	0	224	0	0	0	0	73	13267.4	3.63301
0	72	0	81	0	0	231	61	0	0	0	75	0	52	0	0	0	0	0	0	0	47	0	0	236	0	0	0	64	0	0	13310	3.2426
0	0	188	0	0	62	235	0	0	0	0	69	0	59	236	266	0	0	75	0	172	0	0	0	0	0	0	0	0	0	0	13368.9	3.40536
0	77	187	82	0	0	236	0	0	83	73	0	0	0	0	282	70	0	0	0	0	0	0	0	0	0	0	64	0	0	0	13418.1	2.20847
0	0	0	81	176	0	0	0	0	75	0	0	0	0	0	282	0	0	74	0	0	0	0	0	0	0	250	0	54	0	0	13466.6	4.08404
0	0	0	0	0	0	0	64	0	0	0	0	0	56	0	283	0	0	78	0	167	0	50	0	0	0	253	0	0	0	0	13509.8	2.48848
0	0	0	0	0	0	0	0	0	70	0	0	0	0	0	0	0	58	0	0	0	60	0	232	226	0	249	60	65	0	0	13558.5	3.19438
