0	1	2	3	4	5	6	7	8	9	10	11	12	13	14	15	16	17	18	19	20	21	22	23	24	25	26	27	28	29	30	Risk	Income
0	0	0	0	0	0	0	0	87	72	78	0	68	0	234	0	0	0	0	0	0	0	0	0	238	233	0	0	0	0	0	46.1676	4.00053
73	74	0	0	0	68	0	0	84	74	0	0	71	58	235	0	0	0	0	0	0	0	48	0	0	0	0	0	65	0	0	82.6868	3.41984
0	0	0	0	0	68	220	0	0	84	0	79	0	0	0	0	0	60	0	0	0	56	59	227	0	0	0	0	0	0	0	123.233	2.64446
0	0	187	0	0	69	0	0	0	0	0	0	0	52	0	0	0	0	0	0	0	0	0	235	0	232	0	60	59	0	0	163.957	3.08715
75	75	0	0	181	0	234	59	0	0	0	0	0	45	0	0	0	0	74	0	0	0	0	0	235	0	0	0	0	0	76	218.481	4.64574
0	74	0	0	171	0	0	0	0	79	0	0	71	0	0	0	0	0	66	0	0	0	0	233	234	0	0	0	0	0	0	267.917	4.61148
0	0	184	52	0	0	0	0	0	0	79	0	0	53	0	0	0	0	0	58	0	0	0	224	196	175	258	0	21	0	0	329.964	4.34179
70	70	0	0	180	0	222	56	0	0	0	0	0	0	0	273	75	0	0	58	0	0	0	0	0	0	0	0	0	0	78	381.05	3.71653
0	0	192	0	0	0	0	0	0	82	0	0	0	0	0	0	0	0	0	0	0	0	57	0	237	0	254	63	0	0	0	422.522	2.43162
0	0	0	0	177	0	0	0	0	0	0	77	0	49	0	0	0	0	0	0	176	45	0	231	0	234	0	57	0	95	0	477.944	5.39336
0	71	0	0	0	64	0	66	0	82	0	0	68	0	0	0	0	58	0	0	0	0	0	0	0	0	0	0	0	0	0	496.718	1.32508
69	68	0	0	0	0	226	0	0	74	0	71	0	0	226	0	0	0	77	0	0	0	0	0	0	0	0	0	0	0	0	532.191	2.8683
66	0	191	0	0	62	0	66	90	0	0	0	0	0	0	0	0	0	0	0	174	0	0	227	234	0	0	0	0	0	0	585.809	3.41774
0	0	0	0	174	0	0	0	0	0	78	78	0	50	0	0	0	58	0	0	0	59	0	0	0	0	257	71	0	0	76	630.446	3.9666
0	0	0	0	0	0	237	0	0	84	0	76	0	0	0	0	0	0	68	0	0	0	0	0	0	219	0	68	0	89	0	668.368	3.02377
76	0	190	0	0	0	0	0	0	0	0	0	70	0	0	0	0	59	74	57	0	0	56	0	234	0	0	65	58	0	0	711.919	2.76434
65	0	188	0	0	0	0	57	0	76	77	0	0	47	0	0	79	0	0	0	0	0	58	0	0	0	0	0	0	0	0	740.763	1.51359
0	0	0	0	0	0	0	0	0	69	0	72	65	59	0	0	0	45	0	0	172	0	0	0	0	0	257	0	59	91	0	780.381	2.95198
76	0	0	0	0	64	0	0	87	0	0	0	70	58	0	0	81	0	78	49	0	0	0	235	0	0	0	0	0	0	0	819.909	2.93042
77	0	186	84	179	0	0	0	0	0	74	0	63	0	0	0	0	0	78	0	0	0	0	235	233	0	0	0	0	0	0	881.915	5.08173
73	0	0	0	0	0	228	64	0	0	71	75	0	49	0	0	80	0	0	0	0	0	0	0	0	0	0	0	0	93	0	914.568	1.92891
0	71	0	0	171	0	0	0	89	0	72	76	0	41	0	278	0	0	0	0	0	0	0	0	0	0	0	66	0	0	0	955.905	3.67659
74	0	0	0	182	0	0	66	0	0	77	0	0	0	225	0	0	49	0	58	176	0	58	0	0	0	249	0	0	0	0	1014.27	5.31411
66	0	0	83	0	70	0	0	0	0	79	72	0	58	235	0	80	0	0	0	0	0	0	0	0	233	0	0	0	0	0	1056.94	3.40532
0	0	0	0	0	62	0	0	88	0	0	0	66	48	0	0	80	58	0	0	0	56	0	0	0	232	0	0	0	0	0	1089.15	2.46876
0	0	0	84	0	0	0	65	0	79	0	0	64	0	0	0	79	0	0	0	0	0	52	0	0	0	0	0	0	84	73	1113.97	1.84554
0	74	190	0	0	0	0	65	0	78	71	0	0	0	0	0	0	0	71	0	0	0	0	234	0	0	0	0	0	0	0	1150.73	2.58539
0	0	169	0	0	0	212	0	0	0	73	0	67	20	0	282	0	0	63	0	0	0	0	0	0	207	232	0	56	0	0	1211.89	3.78116
76	0	0	0	0	0	0	62	0	0	0	0	0	0	0	0	0	0	74	54	0	58	0	231	231	0	0	0	0	0	0	1251.23	2.67527
0	0	0	0	0	0	0	60	0	0	0	0	0	0	0	0	72	62	0	0	0	0	56	235	0	0	250	0	60	99	0	1292.43	2.87304
0	0	0	0	169	0	222	66	0	75	78	77	0	0	0	0	0	0	0	0	0	0	0	0	0	0	0	59	0	98	0	1333.69	3.87477
0	0	0	85	167	0	0	0	86	0	74	0	0	0	0	273	0	51	0	0	0	0	0	0	0	0	0	0	62	0	77	1375.61	3.5674
57	0	0	0	0	0	0	64	0	0	79	78	68	0	0	0	0	56	0	0	169	0	0	0	233	0	0	0	0	0	0	1413.56	2.37262
0	73	0	0	0	0	0	64	0	0	0	0	0	0	0	0	81	0	0	0	0	0	0	226	237	0	0	0	56	0	78	1452.13	2.66178
75	74	190	88	174	0	0	0	0	0	71	0	0	0	234	0	0	0	0	55	0	56	0	0	0	0	0	0	0	0	0	1498.87	4.42216
0	77	0	0	0	0	221	0	0	0	76	76	0	0	0	0	0	0	0	0	174	0	0	0	227	0	0	0	0	99	76	1545.67	2.90777
0	0	0	0	182	0	0	0	0	0	0	0	64	44	0	0	78	0	77	0	0	59	0	0	0	0	256	61	66	0	76	1593.06	4.5141
0	0	0	0	0	70	0	0	0	0	76	0	0	49	0	283	0	0	0	0	0	0	0	0	224	0	0	70	0	0	0	1628.32	1.26678
0	0	186	0	0	0	0	57	0	0	0	70	0	0	233	0	0	48	0	0	169	0	0	0	234	0	252	55	0	0	0	1686.56	3.90662
0	0	0	0	174	0	0	0	0	0	0	0	68	0	0	0	0	50	0	0	175	0	0	0	224	0	252	0	66	0	69	1740.77	4.66646
77	0	190	0	180	0	0	0	0	0	0	0	0	41	0	0	0	0	76	51	0	0	0	0	0	0	0	0	0	0	65	1776.05	3.29024
0	0	0	87	173	0	0	65	0	0	0	68	62	0	0	0	0	0	0	57	175	0	0	0	0	0	0	0	0	0	0	1810.93	3.97224
0	0	0	0	181	0	0	0	85	0	0	72	0	0	0	0	81	0	76	0	0	0	56	0	0	0	0	64	66	0	0	1846.35	4.16536
0	0	0	88	0	0	0	0	0	0	0	0	0	58	0	279	0	48	0	59	0	0	0	0	229	0	255	0	0	99	0	1897.5	2.60122
0	0	0	0	0	0	0	0	0	0	74	0	62	57	234	0	0	0	0	0	176	0	0	0	0	225	0	0	0	0	0	1932.87	3.12088
0	0	191	84	0	0	232	0	0	0	79	0	0	54	0	281	0	0	0	0	0	0	0	0	0	0	0	0	0	95	0	1976.18	1.85606
76	74	0	0	0	0	0	0	0	83	79	0	0	0	0	281	0	0	77	0	0	0	0	0	0	0	0	0	66	0	0	2007.86	1.66955
0	0	0	84	177	0	0	0	0	79	0	0	0	49	0	278	0	0	79	0	0	49	0	0	0	219	0	0	0	0	0	2057.29	4.33168
0	0	187	0	0	68	236	0	0	82	0	0	0	0	0	0	0	0	0	0	0	0	46	224	0	0	257	66	0	0	0	2111.62	3.34471
73	0	0	0	0	0	227	0	0	83	0	0	0	0	0	0	0	0	75	0	0	0	0	235	236	0	0	67	0	0	0	2160.51	3.04024
0	0	188	0	0	0	0	0	0	0	0	67	0	0	0	0	0	0	0	0	0	0	52	0	231	222	250	56	0	0	77	2213.01	3.69133
0	0	189	82	0	0	0	0	0	0	0	77	0	0	0	275	74	0	79	0	0	0	60	0	226	0	0	0	63	0	67	2266.1	2.94293
76	0	184	0	0	0	228	0	0	0	80	0	68	0	235	0	0	0	0	48	0	0	0	0	0	0	251	0	0	0	0	2317.02	3.42305
67	0	0	80	0	0	0	55	0	0	0	0	0	0	0	0	0	61	71	56	168	0	0	0	0	230	0	0	0	0	78	2357.13	3.13126
62	0	0	0	0	69	0	0	0	0	0	75	69	0	0	0	0	0	0	0	0	0	50	228	230	0	253	0	0	0	0	2407.65	3.46125
0	0	0	0	0	0	0	62	0	0	76	68	0	0	0	0	77	0	80	0	0	0	0	233	0	0	0	0	0	91	77	2443.22	2.52475
0	71	0	0	0	0	226	0	91	0	79	0	0	0	0	282	0	59	0	0	0	54	57	0	0	0	256	59	0	0	0	2498.2	3.10453
0	75	0	0	170	0	0	59	0	0	0	0	63	57	0	0	0	46	0	0	0	51	0	0	224	0	0	0	0	85	0	2540.35	3.8286
0	0	0	0	0	0	0	0	0	73	75	0	0	0	233	277	0	0	0	46	0	56	0	0	237	0	0	72	0	90	0	2589.48	2.6626
69	0	184	0	0	0	0	67	0	0	75	76	0	0	0	0	0	0	0	0	169	0	0	0	0	0	249	71	0	0	0	2631.96	2.68825
0	0	0	0	0	0	0	0	0	83	79	0	0	57	0	0	79	0	0	0	168	0	0	226	0	0	258	0	0	93	0	2680.61	3.01452
0	0	0	0	0	0	0	0	0	77	72	69	0	0	0	0	0	60	0	0	0	0	0	0	237	223	252	69	0	0	0	2730.94	3.47424
0	78	0	0	179	0	0	0	0	0	0	0	0	57	0	0	0	57	0	0	168	0	60	0	236	0	254	0	66	0	0	2789.57	5.08678
0	0	0	0	0	0	0	63	87	0	0	0	68	58	228	0	0	0	0	0	0	0	0	235	0	217	0	0	66	0	0	2835.05	4.6771
74	72	0	0	170	68	0	57	0	0	0	0	0	43	0	0	0	0	0	0	0	45	48	0	0	0	0	0	0	0	0	2865.2	3.11107
0	76	185	0	0	0	0	61	0	0	0	75	68	0	0	0	73	0	0	0	0	59	0	0	0	228	0	55	0	0	66	2905.04	3.09982
0	0	0	85	0	0	0	0	0	0	77	68	0	42	0	0	0	0	0	0	0	59	0	0	0	0	255	0	65	0	0	2934.31	2.37853
0	0	0	0	0	0	0	61	0	81	0	71	61	0	231	0	0	0	0	0	0	57	0	0	234	0	0	0	0	97	0	2972.94	3.04783
0	0	0	0	0	0	0	0	0	84	0	70	68	0	0	0	0	53	0	0	0	46	0	0	0	224	257	0	64	0	0	3011.81	3.33465
0	0	188	0	176	0	0	66	82	0	0	69	0	0	0	0	80	0	70	0	0	0	0	0	0	0	0	0	0	0	0	3049.74	3.854
0	77	0	0	181	0	0	0	0	0	0	0	0	0	0	283	80	0	0	58	0	0	0	235	0	230	0	70	0	95	0	3111.09	4.98737
75	0	0	0	178	0	228	0	0	0	0	0	0	0	228	0	73	0	0	0	0	0	59	0	0	229	0	0	0	0	76	3164.84	5.10022
0	0	0	86	0	69	0	68	0	79	0	0	0	0	0	279	76	52	0	0	0	0	0	227	0	0	0	0	0	0	0	3207.46	2.05124
64	0	191	88	0	68	0	0	0	0	0	0	0	57	0	0	82	0	79	0	0	0	0	235	0	0	0	60	0	0	0	3250.85	2.57682
0	0	0	85	0	0	0	0	0	0	0	0	0	50	0	270	72	0	80	0	0	49	0	222	0	230	0	0	0	97	74	3305.56	3.4646
0	68	191	0	0	0	0	64	0	73	0	78	0	0	0	0	0	0	0	0	0	0	52	0	232	0	255	0	0	89	0	3356.13	3.40469
0	0	0	0	0	70	0	62	0	81	0	0	0	0	0	280	81	0	0	56	173	0	0	234	0	0	255	0	0	0	79	3418.65	3.41118
0	0	0	0	0	0	222	67	0	0	0	0	67	0	0	0	0	0	0	0	0	48	53	0	0	220	251	71	0	97	0	3467.11	3.78381
0	70	189	0	0	0	236	63	0	0	72	0	0	0	0	0	0	0	0	54	0	44	0	0	0	234	0	71	0	0	0	3512.57	3.27765
0	0	0	0	0	69	237	0	0	81	76	69	0	0	0	0	0	0	0	0	176	0	0	224	0	0	0	0	0	0	0	3556.83	2.84785
0	78	0	0	0	70	0	0	0	72	0	0	0	0	229	0	0	49	0	0	0	0	0	232	0	0	0	67	0	0	0	3591.99	2.65237
0	72	0	0	169	69	0	66	0	0	0	77	0	0	0	0	0	0	70	0	0	0	0	0	233	0	258	0	0	0	0	3645.48	4.83069
0	0	0	0	0	0	0	0	90	0	72	0	0	43	234	0	0	0	0	0	167	0	55	230	0	0	251	0	0	94	66	3704.02	4.63397
73	0	0	0	0	59	0	0	78	74	0	71	70	0	231	0	0	0	0	0	0	0	0	0	0	0	0	0	0	95	0	3735.68	2.77774
0	0	0	84	179	0	0	0	86	0	74	0	69	0	230	0	0	56	0	48	0	0	0	0	0	0	0	0	66	0	0	3778.57	4.94773
0	0	0	0	0	0	0	0	87	0	77	0	0	0	232	0	0	50	76	0	0	59	0	0	0	231	0	0	0	94	71	3821.27	3.6952
76	0	0	83	0	0	232	64	0	0	78	0	0	51	0	0	0	61	0	0	0	0	56	0	232	0	0	0	0	0	0	3866.24	2.65056
0	0	0	0	181	70	221	0	0	0	0	0	0	0	0	271	0	56	0	0	167	0	0	0	0	0	255	58	0	0	0	3927.94	4.1474
0	0	0	86	169	0	0	0	89	0	77	67	72	0	0	280	0	0	72	50	0	0	0	0	0	0	0	0	0	0	0	3975.22	4.35131
65	0	0	87	0	0	0	0	0	0	77	71	72	45	0	0	0	0	0	53	0	60	59	0	0	0	0	0	0	91	0	4004.71	2.31875
58	77	0	0	0	0	0	0	0	0	0	79	0	52	0	0	71	0	0	0	174	57	0	0	0	0	252	0	0	0	0	4041.47	2.42272
0	0	0	0	0	0	0	57	0	72	0	74	0	56	0	0	79	0	71	44	0	0	0	0	0	0	0	58	0	99	0	4069.01	2.04275
0	0	0	83	0	0	0	0	89	75	0	0	0	0	0	270	0	0	0	58	176	0	0	0	0	0	0	67	0	0	75	4107.69	2.37363
0	0	182	0	0	0	220	0	0	83	0	0	0	0	0	0	0	0	0	43	0	0	0	235	225	0	0	0	0	0	63	4157.87	2.97025
57	0	188	0	0	0	225	0	0	75	75	73	0	0	0	0	81	0	0	0	0	0	0	0	0	229	0	0	0	0	77	4205.82	3.01719
64	0	0	81	177	0	0	0	0	0	0	0	0	54	0	279	0	61	0	0	0	0	0	0	226	228	0	0	54	0	0	4265.43	4.64738
76	70	0	0	170	0	0	0	0	0	0	0	0	0	234	276	0	0	0	0	0	0	0	228	0	0	250	0	66	0	76	4331.35	5.46676
0	78	0	85	0	0	233	0	0	0	0	78	0	0	236	0	78	0	70	0	0	0	0	0	237	0	0	58	0	0	0	4383.33	3.82001
0	0	0	0	0	70	0	0	0	0	72	76	0	0	234	0	0	0	69	58	167	59	0	0	0	0	0	0	0	0	0	4418.87	2.80116
0	0	0	0	170	0	0	0	0	0	73	72	0	0	0	0	80	59	0	54	171	48	0	0	236	0	0	0	66	0	0	4470.77	4.24981
0	0	0	0	0	68	0	0	0	0	0	0	0	0	0	0	79	46	0	0	0	51	50	231	0	0	0	0	0	98	69	4502.44	1.73559
0	0	0	0	0	62	0	56	82	0	0	0	64	0	0	0	0	0	0	0	0	0	0	0	0	0	257	0	0	85	0	4530.71	2.27089
0	0	0	0	0	70	0	59	0	0	0	69	0	0	0	0	0	0	0	0	175	58	49	0	233	0	251	0	61	0	0	4579.03	3.38996
0	0	0	0	0	0	235	0	78	0	0	0	0	56	0	278	0	59	0	0	169	0	0	0	230	0	0	0	58	99	72	4639.16	3.21172
0	0	184	87	0	0	0	0	0	0	0	71	0	0	0	0	0	0	0	0	0	0	0	226	0	233	256	72	0	94	0	4694.04	4.21771
0	0	0	82	0	0	0	60	0	0	0	0	0	0	235	0	0	0	0	0	0	52	45	235	0	0	255	0	63	0	0	4739.32	4.01233
76	0	0	84	0	68	0	0	0	0	0	0	0	0	0	0	81	0	70	0	174	0	0	226	0	0	0	0	0	86	0	4780.05	2.50109
0	70	0	0	179	0	0	0	0	0	0	72	0	0	235	0	72	59	0	0	0	0	0	226	238	0	0	0	62	0	0	4839.29	5.45497
0	0	0	0	0	0	0	0	0	82	72	0	0	0	0	0	77	0	0	50	176	56	0	0	0	0	253	0	0	0	0	4874.54	2.08532
0	0	190	0	0	0	0	0	0	0	77	0	72	0	0	277	0	0	66	53	0	49	0	0	0	0	0	66	0	98	73	4916.93	2.02525
0	75	0	88	0	0	0	0	0	74	0	0	0	0	0	283	80	0	0	51	0	0	0	0	0	0	0	0	57	0	0	4946.47	1.58524
0	0	187	0	175	65	231	0	0	0	0	0	71	0	0	0	0	0	69	0	0	52	0	0	237	0	0	0	55	0	0	5004.02	4.63217
0	0	0	0	170	0	0	56	0	80	0	0	0	0	233	0	0	0	75	53	0	0	0	0	0	0	0	56	0	99	0	5043.21	4.28155
0	69	0	0	175	0	0	0	0	0	0	73	69	0	0	0	0	0	0	0	0	0	60	0	237	0	0	62	61	0	0	5083.76	4.29576
0	0	0	0	0	59	232	62	0	70	0	0	64	51	234	0	0	0	79	0	0	0	58	0	0	0	0	68	0	0	0	5127.16	3.48244
0	0	0	0	0	69	0	0	0	0	70	0	0	0	0	0	0	0	71	51	0	0	0	0	235	0	255	67	0	0	0	5168.04	2.51533
0	0	0	88	169	0	236	0	0	83	0	77	0	0	0	270	76	0	0	0	175	0	0	0	0	0	254	71	0	0	0	5238.26	5.04315
0	75	0	0	0	59	0	63	82	0	0	0	0	0	0	0	79	53	76	0	0	0	0	0	231	231	0	0	0	0	0	5285.14	3.48631
63	0	0	0	0	0	0	63	0	0	0	0	0	54	228	0	81	61	0	0	0	0	0	229	0	0	0	0	54	0	0	5321.82	2.73455
0	0	0	0	176	0	234	0	90	76	78	0	0	0	0	0	79	0	0	0	0	0	0	0	0	0	0	0	60	92	0	5365.96	4.11963
72	0	182	0	180	0	232	65	0	0	0	0	0	0	0	0	71	49	0	0	0	0	0	0	227	0	0	0	0	0	77	5423.58	4.07726
0	0	189	88	179	0	0	0	0	0	72	0	0	0	0	0	71	0	0	0	0	0	45	0	0	231	0	0	0	0	77	5469.84	4.29388
0	75	0	84	0	0	0	0	0	84	0	78	0	0	0	0	0	0	0	0	0	48	0	0	226	218	0	0	0	95	0	5511.21	3.29826
0	0	192	0	180	0	234	62	0	0	0	0	0	0	0	264	0	0	0	0	0	0	0	0	0	0	0	69	55	0	0	5560.03	3.67358
0	0	0	85	169	0	223	0	0	0	78	0	0	0	0	0	0	49	0	52	0	0	57	0	0	0	0	0	0	0	0	5597.26	3.49593
0	0	191	0	0	0	0	0	0	0	0	78	64	0	0	0	0	0	0	53	0	43	50	0	225	229	0	72	0	0	0	5642.62	3.4163
67	0	0	0	0	0	0	0	89	0	0	74	0	44	231	283	0	0	0	0	0	0	0	0	0	228	253	63	0	0	0	5699.79	4.29225
0	73	0	86	0	60	0	0	86	0	0	0	0	0	0	0	0	60	71	0	0	58	0	0	230	0	0	0	0	0	0	5736.1	2.53772
76	0	0	83	0	69	231	0	88	0	0	0	0	0	0	283	0	0	76	55	0	0	59	0	0	0	0	68	0	0	0	5785.65	2.96092
0	72	191	0	0	71	0	66	0	0	0	0	68	0	0	0	71	0	0	0	174	0	0	231	225	0	0	64	0	0	0	5842.82	3.47363
64	0	191	0	182	0	0	0	0	0	0	0	0	58	0	237	0	0	0	45	0	54	0	0	232	0	253	0	0	0	68	5909.7	4.52466
0	0	191	0	172	67	0	0	0	0	0	0	0	44	0	281	0	0	67	0	0	0	59	0	0	0	0	0	0	0	0	5952.83	3.09992
69	0	0	85	0	70	221	0	86	77	0	0	0	0	0	0	0	0	0	0	0	0	0	0	0	222	0	0	0	0	68	5994.71	3.2536
0	0	190	0	0	0	0	0	0	83	0	0	0	48	227	0	0	58	0	44	0	0	0	0	230	0	0	0	54	0	0	6036.41	2.7875
0	0	181	0	0	68	225	0	0	0	0	78	0	55	235	0	71	0	0	0	0	0	0	0	0	0	0	0	0	95	0	6079.26	2.71843
0	78	0	88	0	0	0	0	78	81	0	72	0	51	0	0	0	0	0	0	0	0	0	231	0	0	0	72	0	0	0	6114.24	3.15229
76	0	0	0	175	0	0	56	87	0	0	0	70	0	0	0	0	0	65	0	174	0	0	235	0	0	257	0	65	0	0	6177.72	6.15051
0	0	0	0	0	0	0	0	90	0	73	0	0	0	0	0	71	0	69	0	174	0	0	0	232	0	258	72	0	0	72	6231.13	3.45964
0	69	189	86	0	0	221	0	0	0	0	0	0	0	0	0	0	0	0	0	0	0	57	0	0	0	0	70	63	0	0	6263.27	2.32634
0	0	183	0	179	70	0	0	87	70	0	0	0	56	0	0	81	0	0	0	0	53	47	0	0	0	0	0	0	0	0	6305.45	3.72732
0	0	0	0	179	0	222	58	0	0	74	0	0	0	0	0	0	0	0	0	0	0	0	0	229	0	257	0	63	0	78	6364.19	4.97531
0	75	0	0	0	0	0	0	89	0	77	0	69	0	0	0	0	0	74	44	0	0	0	0	0	0	0	63	0	0	0	6387.16	2.16771
72	77	0	0	0	0	237	56	78	0	0	0	0	57	0	0	78	0	0	0	0	0	0	0	0	224	0	64	0	83	0	6432.98	3.4811
0	0	0	0	180	0	229	0	0	0	0	0	0	53	0	215	73	0	0	0	174	0	0	223	228	123	0	0	62	0	0	6509.32	5.68356
70	0	0	88	180	0	0	0	0	78	78	0	0	0	0	0	0	51	0	0	0	57	55	236	0	0	0	0	0	0	0	6555.23	4.1463
0	0	0	0	0	0	0	0	0	0	0	0	66	54	0	0	0	51	0	0	173	0	58	0	0	0	0	0	58	0	0	6575.6	1.58729
0	0	0	80	0	59	0	0	0	0	0	72	0	0	0	0	0	0	74	0	174	45	51	232	0	0	0	0	57	0	63	6617.88	3.39577
0	74	0	0	0	65	235	60	0	0	0	0	0	0	0	0	0	0	0	0	0	0	58	232	233	0	0	72	62	0	0	6669.62	3.64718
0	0	190	0	172	65	0	0	0	0	0	73	0	0	231	0	0	59	72	43	0	0	0	0	0	0	0	0	0	0	0	6713.7	4.17089
0	0	0	0	0	63	0	0	0	0	0	0	0	0	0	275	79	58	0	0	174	0	0	232	233	0	0	0	66	0	0	6768.44	2.56627
0	0	187	0	0	61	0	0	0	83	0	72	0	0	0	0	0	0	0	0	0	59	0	225	0	228	0	0	0	0	77	6813.47	3.27573
73	77	0	0	0	0	0	0	0	73	0	74	0	0	0	272	76	57	0	0	0	0	0	0	0	234	251	0	0	0	0	6865.77	3.06319
0	0	191	0	0	0	0	60	0	0	79	0	0	58	0	0	0	0	0	0	0	0	0	224	0	234	258	72	0	0	74	6922.87	4.13201
0	0	187	80	0	60	0	61	0	0	0	71	0	0	0	265	74	0	0	0	0	0	0	0	0	0	255	0	0	0	76	6972.04	2.49314
0	0	0	0	0	0	0	66	0	0	0	0	0	0	0	0	0	0	0	0	0	59	48	231	237	0	252	0	57	87	0	7021.1	3.51911
69	0	186	0	0	0	0	59	0	0	0	0	0	0	232	0	0	0	0	51	169	0	0	227	0	0	0	0	65	0	0	7066.73	3.52889
0	0	0	0	0	0	0	59	0	0	0	77	0	0	235	0	0	56	71	0	0	53	0	228	0	0	255	0	0	97	0	7117.54	4.02784
71	0	0	0	0	0	0	0	0	0	0	74	0	0	233	279	0	0	0	54	0	58	0	0	0	0	0	0	57	0	79	7153.15	2.32773
74	69	0	0	175	0	0	62	83	72	0	0	0	0	232	0	81	0	0	0	0	0	0	0	231	0	0	0	0	0	0	7206.15	4.97624
70	0	0	0	0	59	0	0	0	83	0	0	69	0	0	264	0	0	69	0	0	60	0	0	0	0	0	0	0	0	78	7238.68	1.47048
0	0	182	0	0	59	0	0	89	82	0	76	0	49	0	0	0	47	0	0	173	0	0	0	0	0	0	0	54	0	0	7275.76	2.64218
0	72	0	86	0	61	0	0	0	0	0	77	0	0	0	0	0	0	0	57	0	0	0	236	0	0	0	0	0	0	77	7306.92	2.56052
0	0	0	0	0	0	0	0	0	0	0	67	0	48	235	0	75	55	79	0	0	43	48	0	0	0	0	57	0	0	0	7337.31	2.35244
0	0	183	0	180	0	0	0	0	84	0	72	67	0	0	0	0	0	0	0	173	55	48	0	0	0	0	58	0	0	0	7381.13	4.10012
0	0	0	0	171	0	224	67	85	0	0	0	71	0	0	0	0	0	0	58	172	0	0	0	230	0	0	0	0	0	0	7436.67	5.0555
71	0	0	87	0	0	0	0	0	82	0	0	66	0	0	0	0	0	66	0	0	0	0	236	223	232	0	0	0	0	73	7491.24	4.18497
0	0	184	87	182	62	0	59	0	0	77	77	0	0	231	0	0	0	0	0	0	0	0	0	0	0	0	0	0	0	0	7536.63	4.52143
63	0	0	81	0	0	0	0	90	0	0	0	0	0	0	273	0	0	67	0	0	55	0	233	0	0	0	71	0	0	0	7578.77	2.64625
0	77	0	0	0	0	221	0	0	0	77	0	0	0	0	0	70	0	71	0	171	0	0	224	0	0	0	0	59	0	64	7626.65	3.26934
64	77	0	0	0	60	0	0	88	0	78	78	0	0	0	0	71	0	0	0	0	0	0	0	0	0	0	72	0	0	0	7653.19	1.89443
74	74	0	0	0	71	0	0	83	76	0	0	0	0	236	0	0	0	0	59	0	0	0	224	0	225	258	0	0	0	0	7716.58	5.36817
70	76	0	0	0	0	0	0	0	0	0	0	0	0	232	0	0	49	0	57	0	0	0	0	0	234	0	68	65	0	76	7754.82	3.4602
0	0	0	0	0	0	229	63	0	73	0	0	0	55	0	269	78	0	0	0	169	0	50	0	0	0	0	0	0	85	78	7804.5	2.44266
0	0	0	0	0	0	0	0	84	0	0	0	0	0	0	283	0	0	0	0	0	53	59	229	0	229	0	71	0	0	0	7849.23	3.15527
0	0	0	0	0	0	0	67	0	77	79	0	66	0	0	0	81	0	73	52	0	0	0	0	0	0	0	0	0	0	0	7872.68	1.69755
0	0	0	82	0	0	0	66	90	0	71	78	0	0	0	279	0	0	0	0	0	0	0	0	0	0	251	0	0	0	0	7913.75	2.75576
0	72	188	81	0	0	225	60	0	0	0	0	0	0	234	0	0	0	0	56	174	0	0	0	0	0	0	65	0	99	0	7966.31	3.84106
0	0	191	0	0	61	0	0	0	0	0	78	0	55	0	284	0	0	0	0	0	0	0	235	224	0	0	66	0	0	0	8020.8	2.69716
0	0	0	0	0	0	0	57	79	0	0	0	63	0	227	0	0	0	0	0	0	0	0	224	0	234	256	0	0	98	78	8079.27	5.2303
74	0	0	0	0	0	230	0	0	75	0	0	0	0	0	0	0	53	0	0	0	0	0	0	0	0	258	0	57	0	74	8116.73	2.30869
0	0	0	85	0	65	227	66	0	0	0	0	0	0	0	0	0	0	0	0	0	0	0	0	0	227	0	70	0	0	0	8150.46	2.66532
0	0	0	0	0	0	0	0	0	0	78	0	0	0	0	268	79	0	67	51	176	0	0	0	0	0	0	69	64	91	0	8190.5	2.01287
70	0	0	80	0	0	237	0	83	0	0	0	0	0	0	278	0	0	0	0	0	0	59	0	0	0	0	0	0	97	0	8229.67	2.16538
76	0	182	0	0	0	0	0	0	0	0	72	0	0	0	187	53	0	0	40	67	0	0	147	219	234	0	0	0	0	0	8287.89	3.43429
0	0	182	0	0	0	0	63	0	79	0	0	69	0	0	0	0	54	72	58	0	0	0	232	0	0	0	63	0	0	0	8328.56	2.86335
0	76	181	83	0	0	0	0	0	0	0	0	0	0	0	0	0	61	79	0	0	0	58	0	235	0	0	0	53	0	0	8367.63	2.61398
59	0	0	0	0	62	0	0	0	0	0	0	0	56	0	278	0	0	0	0	0	52	0	0	0	0	253	55	60	97	0	8408.92	2.02944
0	71	0	0	0	0	234	0	0	0	0	0	66	42	231	0	0	0	0	0	177	59	0	0	0	0	257	0	0	88	66	8464.13	4.03311
0	0	0	87	179	0	0	0	0	81	73	0	0	0	235	275	80	0	0	0	0	0	0	0	232	0	0	71	0	0	74	8528.22	4.70663
0	0	0	0	0	0	0	67	0	0	72	0	0	0	0	0	0	0	79	55	0	0	0	0	0	0	0	0	61	0	67	8546.9	1.67892
0	0	184	0	0	0	0	59	0	0	0	0	69	0	0	278	0	61	79	0	0	0	0	0	0	0	256	65	0	91	77	8599.47	2.71454
0	75	189	0	0	0	0	63	0	70	0	73	71	0	0	0	74	49	75	0	0	59	0	0	0	0	0	0	0	0	0	8634.8	2.37564
0	75	189	0	170	0	0	0	87	0	0	0	0	55	0	0	0	0	76	0	0	0	0	0	236	0	0	0	0	0	0	8681.85	4.29787
0	77	182	0	0	67	0	0	0	0	75	0	0	0	0	0	0	0	72	45	176	0	0	0	0	218	0	0	0	0	64	8726.41	3.13652
59	0	0	0	0	0	0	0	0	79	0	76	0	0	0	281	0	61	0	0	0	58	0	0	235	234	0	0	55	0	0	8777.27	2.97044
0	76	0	0	0	63	234	56	0	0	0	0	0	0	0	0	79	0	0	0	176	53	0	0	0	0	0	0	66	0	0	8812.9	2.29328
74	70	0	0	0	59	0	0	83	80	76	0	0	0	231	0	0	0	0	0	0	0	0	0	0	224	0	0	0	0	0	8852.4	3.48592
75	0	0	0	169	60	223	0	0	0	0	0	70	41	229	0	0	0	0	0	0	0	0	0	0	0	0	0	0	93	0	8897.48	4.1741
74	0	191	0	173	0	237	0	0	0	0	0	0	57	0	0	81	0	0	0	0	0	0	0	0	0	257	0	58	0	0	8952.4	4.28763
0	0	0	0	182	0	0	0	0	0	0	77	0	55	0	0	74	0	0	0	0	0	0	0	230	234	0	0	0	0	64	8999.75	4.49174
0	0	187	0	0	69	0	0	0	0	0	0	0	0	235	0	77	60	72	0	0	0	0	0	0	0	256	65	0	0	72	9047.81	2.92099
0	0	190	84	0	0	235	0	0	0	0	0	68	0	232	0	0	0	79	0	0	0	0	0	0	0	251	0	0	83	0	9101.21	3.90378
73	0	184	0	0	0	0	61	0	0	72	0	0	0	234	0	76	0	0	0	174	59	0	0	0	0	0	0	0	0	0	9139.97	2.35037
0	0	0	0	176	70	0	0	80	0	0	0	0	0	0	0	74	0	0	0	0	0	0	0	233	0	0	70	0	98	0	9181.99	3.61118
0	0	0	0	178	0	0	0	90	0	0	0	0	55	226	275	0	0	77	0	0	57	0	0	0	0	252	0	0	84	0	9242.6	5.21859
76	0	0	85	181	0	0	0	0	0	71	67	0	0	0	0	0	0	0	0	0	0	0	236	235	0	0	0	0	0	74	9295.82	4.66194
69	0	186	0	0	68	0	67	0	0	0	0	67	58	0	0	0	61	0	0	0	50	0	226	0	0	0	0	0	0	0	9335.15	2.31632
60	0	183	85	177	0	0	0	0	0	79	76	0	0	0	0	0	0	0	0	172	0	49	0	0	0	0	61	0	0	0	9380.46	4.05323
0	0	192	85	174	0	0	0	0	0	78	0	0	0	0	0	79	47	0	0	172	0	0	0	0	0	0	0	0	91	0	9424.79	3.40934
0	70	183	0	0	0	0	0	0	0	0	0	0	0	235	0	82	0	0	0	0	0	0	229	0	224	0	0	0	0	0	9469.02	3.47168
0	0	0	80	0	0	0	0	0	0	0	67	0	0	0	0	0	50	80	52	0	44	0	230	234	0	0	0	0	0	0	9511.07	2.9983
0	0	0	0	0	0	232	66	0	0	0	0	0	0	0	0	0	0	79	0	175	48	0	0	0	234	0	0	61	92	0	9555.38	3.56901
0	0	0	0	0	0	222	0	0	0	74	0	0	0	0	276	79	59	0	0	0	0	58	0	0	0	0	0	63	0	0	9591.29	1.45159
62	0	0	0	0	0	0	58	0	0	0	75	70	49	0	0	75	0	0	0	0	0	0	0	0	233	0	0	56	0	0	9620.97	2.71477
76	74	192	0	0	69	235	0	88	0	0	0	69	0	0	0	0	0	0	57	0	50	0	0	0	0	0	0	61	0	0	9664.23	3.08335
69	0	190	0	0	70	0	0	0	0	0	0	0	0	234	0	79	0	72	0	175	0	58	0	235	0	0	0	64	0	0	9720.29	3.57288
0	0	0	0	0	0	0	0	90	0	0	72	0	57	0	0	81	0	0	57	0	51	0	234	236	0	0	0	0	0	0	9763.82	3.14868
0	73	0	0	0	0	226	55	0	0	0	0	0	51	0	0	0	0	79	0	174	0	0	0	0	0	0	64	58	98	0	9802.77	2.91934
75	75	0	87	174	0	0	0	81	0	0	0	0	0	234	0	0	0	0	59	0	48	51	0	0	0	252	0	0	0	0	9856.95	5.6367
0	0	0	0	0	67	0	0	87	0	70	0	0	0	0	0	0	0	77	0	0	51	0	0	0	232	258	0	0	0	0	9897.89	3.3466
0	77	0	0	0	0	0	61	0	0	0	0	0	0	231	0	0	0	0	51	171	58	56	0	0	0	0	0	54	0	0	9929.02	2.92856
0	0	0	83	0	0	233	66	0	0	0	0	0	0	235	0	0	0	0	0	172	0	59	0	0	0	0	68	65	0	75	9973.26	3.69097
0	0	190	0	0	0	0	0	0	0	0	78	65	0	0	269	80	0	0	52	0	0	0	0	0	234	0	0	0	90	0	10017.6	2.59114
63	0	183	0	0	0	0	0	0	0	0	0	61	0	0	0	0	0	0	58	0	55	59	0	0	218	0	0	0	0	75	10050.9	2.5083
59	0	0	0	0	0	221	0	0	85	0	0	0	0	0	0	79	0	0	0	0	59	56	224	0	0	0	0	0	0	0	10087.3	2.1758
0	0	189	89	0	0	0	0	90	0	75	0	0	0	0	274	81	0	0	0	0	0	0	234	229	0	0	0	61	0	0	10147.9	3.41155
0	0	0	0	0	67	222	0	89	0	78	0	0	0	230	0	0	0	78	46	0	0	0	234	0	0	257	72	0	0	0	10212.2	4.94665
0	0	0	85	183	0	0	0	0	79	0	77	0	0	232	0	75	0	0	0	0	0	59	0	0	0	256	0	0	0	0	10262.3	5.08011
0	0	183	0	0	70	236	60	0	84	77	0	0	0	234	0	0	0	0	0	0	0	0	0	227	0	257	0	0	0	0	10327.8	4.11499
0	0	0	0	173	69	0	66	0	0	0	76	0	0	234	0	0	48	0	0	176	0	58	0	0	0	0	70	0	0	0	10373.7	4.57726
0	0	0	0	0	0	0	0	0	0	0	70	70	0	233	275	0	51	0	0	166	58	0	0	234	0	0	0	0	0	0	10423.2	2.84629
65	71	0	0	0	0	236	0	0	0	71	69	71	0	0	0	0	61	0	0	172	0	0	0	0	0	248	0	53	0	0	10473.6	3.43147
0	0	0	84	0	0	0	0	80	82	0	73	0	0	0	0	0	0	0	0	167	0	0	231	232	0	0	0	0	98	77	10526.8	3.93035
0	0	184	0	181	65	0	68	82	0	0	0	0	0	0	217	0	0	0	47	0	52	0	227	0	231	0	0	0	0	0	10592.6	5.60781
0	77	0	0	178	0	0	0	0	0	0	0	0	56	0	0	0	49	79	0	169	0	59	0	235	0	0	68	0	0	0	10643.2	4.41895
0	0	0	0	0	71	0	0	0	0	0	0	70	0	0	0	0	58	79	0	166	0	0	235	0	233	251	0	54	0	0	10701.2	4.48666
0	0	181	82	0	0	0	67	0	0	0	0	0	0	0	282	70	51	0	0	0	0	0	0	0	233	0	0	0	98	63	10748.7	2.51254
63	0	191	0	0	0	0	0	0	0	0	0	62	58	0	0	78	52	0	0	0	0	0	0	0	0	0	72	53	0	78	10778.3	1.56069
0	0	0	0	0	0	0	62	89	0	0	77	69	56	0	0	0	0	0	0	0	0	0	0	223	0	0	0	0	0	71	10809.5	2.62323
0	69	0	0	181	67	237	0	0	0	0	0	0	51	235	0	0	51	77	0	0	0	0	0	0	0	0	71	0	0	0	10860.2	4.69738
0	0	192	0	0	0	0	62	80	0	0	0	0	0	0	223	0	0	0	0	0	0	47	0	182	234	0	0	0	99	70	10912.8	3.38693
0	74	0	83	0	0	0	0	83	0	77	0	62	0	0	0	79	61	0	0	167	0	0	0	0	0	0	72	0	0	0	10946.6	2.37913
77	77	0	0	0	0	0	0	84	0	0	70	0	0	0	274	0	0	72	0	0	0	0	235	0	0	0	0	0	0	0	10987.3	2.70689
0	72	191	80	0	0	0	0	0	0	0	67	0	58	0	279	0	0	0	0	0	59	0	0	0	0	253	0	0	0	0	11032.7	2.48729
0	77	0	79	0	0	0	0	0	0	0	0	0	0	226	0	71	60	0	0	0	0	51	0	0	0	256	67	58	0	0	11072.8	3.18952
0	74	0	0	0	65	235	57	87	0	0	0	0	0	233	0	80	0	71	0	0	0	0	0	0	0	0	0	0	0	0	11113.6	3.25529
0	0	191	0	0	0	234	0	0	70	0	0	0	0	0	0	0	56	0	58	174	0	0	0	0	0	0	71	0	95	68	11157.9	2.40124
67	77	190	0	0	66	0	0	0	81	78	0	0	0	233	0	0	58	0	0	0	0	0	0	0	0	0	0	0	98	0	11197.7	2.37001
65	0	190	0	0	0	233	0	0	0	77	0	0	0	0	0	0	59	0	0	0	0	0	0	224	0	0	0	55	0	79	11242.9	2.26682
58	0	183	87	168	0	0	0	0	0	79	0	0	0	0	279	0	0	0	0	0	51	0	0	224	0	0	0	60	0	0	11299.1	3.81826
69	0	0	0	182	0	231	0	0	0	0	0	0	0	0	0	0	58	0	0	0	0	56	0	0	0	256	62	0	0	77	11348.5	4.11987
76	0	0	0	0	0	0	0	0	0	0	77	71	0	0	275	79	61	0	0	0	0	0	0	234	0	258	0	0	0	0	11400	2.38097
64	0	186	0	0	0	0	0	90	0	0	0	0	48	231	0	0	0	0	43	169	0	53	0	0	233	0	71	0	0	0	11451.3	4.28239
0	0	0	0	0	0	0	0	90	0	0	0	0	0	0	266	0	0	0	0	0	57	0	227	0	228	0	64	0	86	0	11495.9	3.07093
67	77	0	0	0	0	229	0	82	0	72	0	0	0	0	0	72	0	0	0	0	0	0	0	0	0	0	0	0	0	0	11523.6	1.75779
62	0	0	0	0	0	0	67	0	0	0	0	65	0	234	0	0	0	0	0	176	0	0	0	0	218	0	0	66	97	0	11564	3.72837
73	0	182	87	0	67	0	63	0	0	0	0	65	0	0	0	74	0	0	0	0	0	49	0	0	0	255	0	0	0	0	11605.4	2.56743
59	0	0	0	0	67	0	0	0	78	0	67	0	0	0	0	0	59	0	0	0	0	0	0	238	229	0	67	0	0	0	11646.6	2.70972
0	0	191	0	0	63	0	0	0	0	0	79	0	0	231	0	82	61	0	0	0	0	0	0	0	226	256	0	0	98	0	11702.4	3.88734
0	0	186	87	0	0	0	67	0	0	0	68	0	42	0	0	79	0	0	0	0	0	53	0	0	231	257	0	0	0	0	11750.8	3.72847
76	0	0	81	181	70	0	0	0	0	0	0	0	58	0	0	0	0	0	0	0	0	58	223	0	0	0	63	62	0	0	11795.3	4.40089
0	0	0	0	173	69	237	66	0	0	0	68	0	0	0	0	0	48	79	0	0	0	0	225	237	0	0	0	0	0	0	11859	5.23525
0	71	0	0	0	0	0	67	0	0	0	0	0	0	0	269	0	0	0	50	0	58	0	0	0	0	0	70	0	0	72	11885.4	1.3502
0	0	0	0	0	0	236	0	0	0	0	0	69	57	235	273	0	0	0	0	0	0	51	0	0	230	257	0	0	0	73	11949.2	4.4567
0	0	0	0	0	0	234	66	0	0	0	67	0	0	0	0	81	0	0	56	0	0	59	234	0	0	0	0	0	87	0	11990	2.92105
0	0	0	0	0	66	0	59	0	0	0	0	0	0	235	0	0	0	0	0	0	0	59	227	236	0	251	58	0	0	73	12048.5	4.25455
0	0	182	0	0	0	236	0	82	84	0	0	67	0	0	279	0	0	0	0	175	49	0	0	0	0	0	56	0	0	0	12100.6	2.7693
70	76	190	0	0	61	0	0	0	81	78	0	69	0	0	0	0	0	80	0	0	0	0	235	0	0	0	0	55	0	0	12146.5	3.1763
0	74	187	0	182	0	237	0	0	0	0	0	0	0	0	277	80	0	0	0	174	57	0	0	155	0	0	0	0	0	76	12216.4	4.41555
66	77	0	0	0	0	0	0	0	74	72	0	67	46	0	282	0	0	0	0	0	0	0	0	233	0	0	63	0	0	0	12259.8	2.0766
0	0	0	0	0	64	236	0	0	0	78	0	71	50	0	0	0	61	0	0	0	45	51	0	0	0	0	64	0	0	0	12292.7	1.88439
0	77	0	0	0	0	226	0	0	0	0	0	64	0	233	268	0	0	0	0	0	0	48	235	0	0	0	0	63	0	67	12346.7	3.80793
75	0	189	0	171	0	220	0	0	0	0	73	0	42	0	0	72	0	0	0	0	0	0	0	0	0	0	0	0	0	0	12388.2	3.36083
0	0	188	0	0	0	233	0	0	0	72	0	0	0	225	0	0	0	0	0	0	56	59	0	0	234	0	0	55	0	0	12435.8	3.74708
0	0	0	0	0	0	0	66	0	0	77	0	0	0	0	278	0	0	0	57	0	0	59	0	226	0	0	0	59	94	0	12476.4	2.21391
74	77	0	0	168	0	0	0	0	0	79	67	0	0	0	0	82	0	78	0	0	0	0	0	0	0	0	0	61	0	0	12511.3	3.54859
65	0	0	88	0	0	238	0	84	0	0	0	0	0	234	0	0	0	65	0	0	0	0	0	0	0	0	0	63	0	0	12548.2	3.33466
62	0	0	0	0	0	232	0	0	82	0	0	0	0	0	0	75	0	0	51	0	0	0	0	0	0	0	0	0	99	78	12578.1	1.59317
0	0	185	0	0	0	0	55	90	0	0	0	0	42	0	276	0	0	69	0	0	0	0	0	225	230	0	0	0	0	0	12632.4	3.4525
0	0	0	0	0	69	0	0	0	78	74	0	0	0	0	0	72	0	0	0	0	46	50	0	0	0	253	0	0	83	0	12665.6	1.86108
0	0	0	0	0	0	0	0	0	0	71	0	0	54	0	0	72	45	0	0	0	55	0	0	234	0	256	0	66	0	0	12706.3	2.34116
0	0	189	0	0	67	237	0	0	0	0	0	70	56	0	0	0	58	0	51	0	59	0	0	235	0	0	0	0	0	0	12754.7	2.54245
0	0	140	0	167	0	0	60	0	0	0	0	0	0	231	0	0	0	0	0	0	0	0	234	0	216	256	0	61	83	0	12822.2	6.53018
0	0	0	88	183	67	0	0	0	0	0	0	0	47	0	283	0	0	0	0	0	0	0	0	227	235	0	0	0	0	74	12881.5	4.62765
0	0	0	80	0	0	0	0	89	81	0	0	0	51	0	0	0	0	0	0	0	56	0	234	0	0	0	0	65	0	78	12915.6	3.00624
0	0	0	0	0	69	0	0	0	81	0	0	0	54	227	0	0	0	0	0	0	0	0	225	0	219	250	0	0	0	0	12967.3	4.21064
73	0	0	0	181	0	232	0	0	79	0	0	0	0	0	0	0	0	0	59	0	59	0	0	237	0	257	0	0	0	0	13027.6	4.79178
0	0	0	0	0	0	232	67	0	0	78	0	0	0	0	0	0	0	0	0	0	49	55	0	0	0	0	55	62	0	0	13053.8	1.93411
73	0	182	87	172	0	0	0	0	80	0	72	0	0	0	278	0	0	0	0	0	0	59	0	0	0	257	0	0	0	0	13112.9	4.4156
0	0	188	0	0	0	0	68	0	0	0	77	0	0	0	0	0	0	76	0	0	0	0	0	0	220	0	64	55	86	0	13149	3.11448
0	0	0	0	0	62	0	0	0	81	0	70	0	58	0	0	0	0	0	0	177	59	0	0	0	0	0	0	0	96	75	13178.7	1.90091
0	68	0	0	0	0	0	67	0	0	0	0	0	0	236	0	73	0	0	0	172	0	0	0	0	0	0	71	66	0	0	13208.8	2.58498
0	0	183	0	0	0	0	0	0	0	76	74	0	0	0	279	0	62	0	54	0	0	49	228	0	0	0	70	0	0	0	13256.1	2.40681
0	76	0	0	183	0	229	57	0	0	0	0	64	0	0	0	0	61	68	0	0	0	0	0	236	0	0	0	0	0	0	13307.3	4.48796
71	77	184	0	0	0	229	0	89	0	0	0	0	0	0	0	0	61	0	58	176	0	0	0	0	0	0	0	66	0	0	13352.7	3.07675
58	0	0	0	0	0	0	0	0	72	0	0	65	0	0	277	0	0	79	0	0	0	0	0	0	0	0	0	66	97	0	13382.5	1.63163
0	0	0	0	173	58	237	66	0	0	0	0	0	0	0	0	0	0	0	0	0	0	0	227	236	0	0	0	62	98	0	13441.5	4.98609
0	0	0	0	179	0	0	0	0	0	78	0	0	0	0	0	76	62	79	0	0	0	60	223	0	0	0	68	0	0	78	13488.2	4.0528
0	0	0	0	170	0	0	65	0	0	0	0	0	0	0	0	0	0	0	0	0	59	0	223	0	220	0	0	64	97	72	13535.1	4.92786
0	0	0	0	0	70	0	0	87	0	0	76	0	42	0	0	0	0	76	0	175	55	0	232	230	0	0	61	0	0	0	13589.5	3.92113
0	72	0	0	0	0	0	60	0	0	0	74	0	0	233	271	0	0	0	0	0	59	0	0	0	0	252	0	0	88	0	13634.8	3.0579
73	74	0	0	0	65	227	0	90	0	0	0	0	0	228	283	0	0	0	0	175	0	0	0	0	0	0	0	0	0	78	13690	3.34893
0	0	0	0	0	0	0	0	0	0	73	0	0	0	229	278	72	0	79	47	0	0	53	0	0	0	0	55	0	0	0	13727.1	2.13836
0	70	0	0	0	0	0	0	0	0	0	69	0	0	235	0	80	0	0	0	0	0	0	0	0	229	0	0	0	84	65	13761	3.0242
0	76	191	0	0	0	0	57	0	0	77	0	0	0	0	0	0	0	0	0	176	56	0	223	0	0	0	0	0	94	79	13806	2.85716
76	0	189	0	0	0	0	0	0	0	75	75	69	0	0	0	0	0	0	0	168	0	0	0	0	0	0	0	0	0	67	13836.8	1.85028
0	0	0	0	0	70	0	55	0	0	0	0	63	0	231	271	76	0	0	0	173	0	58	0	0	217	0	0	0	0	0	13888	3.42965
60	0	0	0	175	0	0	0	0	0	0	0	71	0	225	0	0	54	75	0	175	60	0	0	237	0	0	0	0	0	0	13943.5	4.83045
0	0	187	0	0	59	0	0	0	0	77	0	0	48	0	283	0	0	0	53	0	0	54	0	0	0	0	0	0	0	76	13979.6	1.44449
0	0	191	85	0	0	0	0	0	0	0	70	68	49	227	276	0	61	0	0	0	0	0	235	0	0	0	0	0	0	0	14033.3	3.38026
61	0	0	0	0	64	0	0	0	81	0	0	0	45	228	0	0	0	0	0	0	58	47	230	0	0	256	0	0	0	0	14081.9	3.56995
0	74	0	0	0	0	0	0	0	0	0	76	0	52	0	0	73	45	0	54	0	0	0	0	0	234	252	0	0	0	0	14121.7	3.14095
0	70	0	87	0	0	0	0	0	69	0	0	0	0	0	0	80	0	72	0	0	0	59	0	236	0	0	0	61	0	0	14156.9	2.57314
0	0	0	0	0	0	0	0	0	0	0	0	0	0	0	278	0	49	78	52	0	53	57	0	232	0	0	0	63	0	0	14196.6	2.07652
0	0	0	0	0	60	235	0	0	80	0	0	0	0	233	0	0	0	80	0	0	57	0	233	0	229	0	0	0	0	0	14252	4.4161
71	0	0	0	0	0	0	0	87	0	77	67	0	0	231	0	0	60	0	0	0	0	0	0	0	0	0	0	0	94	0	14281	2.34726
0	0	0	84	0	0	0	0	0	83	0	0	0	0	0	272	0	0	74	0	0	53	0	0	0	0	251	0	54	0	0	14319.6	2.3123
0	0	0	87	0	0	0	0	0	0	0	76	68	0	0	268	0	0	79	51	0	0	57	233	0	0	255	0	0	0	0	14373.7	3.79278
0	0	189	83	0	0	0	0	0	0	0	0	0	52	226	0	0	0	0	45	0	0	0	223	0	0	0	58	0	0	0	14411.6	2.94855
61	0	0	84	0	0	0	61	0	73	0	0	0	0	232	0	0	0	77	0	167	0	0	0	0	0	0	62	0	0	0	14446.8	2.91568
0	76	0	88	0	59	231	60	0	0	0	0	0	57	0	0	0	62	0	0	0	0	0	0	0	0	0	0	0	0	0	14476.5	1.94667
0	71	0	88	172	0	0	0	0	84	0	0	0	0	227	0	0	0	0	0	0	0	0	0	0	233	0	0	57	0	0	14520	5.17755
0	0	0	86	180	0	0	0	0	81	73	0	0	0	235	0	71	0	0	0	0	0	0	0	0	219	257	0	0	0	0	14577.4	5.59964
58	72	0	0	0	0	230	0	90	0	0	0	0	0	0	0	0	0	0	0	0	52	0	235	236	0	0	0	0	0	71	14627.6	3.41803
0	0	0	88	0	0	237	0	87	0	0	0	0	0	0	0	0	60	72	0	169	0	0	0	0	222	0	0	0	0	78	14675.3	3.74161
0	0	0	0	0	0	0	0	0	0	0	0	0	54	0	276	72	0	66	58	0	0	0	0	0	0	0	58	60	92	0	14706.3	1.55173
0	77	0	0	177	0	0	0	0	0	73	0	71	0	0	271	0	51	68	0	0	0	58	0	0	0	257	0	0	0	0	14759.9	4.24899
0	74	186	0	0	0	219	0	0	0	0	0	0	0	0	0	0	59	0	55	0	0	0	0	0	229	257	72	0	99	0	14815.5	3.74869
63	0	186	0	0	70	0	0	0	74	0	75	0	0	0	0	0	0	0	0	0	0	0	0	0	0	254	61	0	0	72	14853.6	2.25671
0	0	0	0	0	0	0	0	78	76	73	0	0	0	0	0	0	61	0	0	0	56	0	224	0	234	0	0	0	0	0	14891.9	3.0612
0	70	0	0	0	0	0	0	0	0	0	0	0	0	227	0	0	49	71	0	172	0	0	0	226	0	0	0	0	0	77	14932.4	2.84182
75	0	0	0	0	0	0	67	90	0	0	0	0	0	0	277	81	0	69	48	0	0	0	0	0	0	255	0	66	0	0	14978.9	2.94966
0	0	190	0	0	65	222	0	0	0	0	0	66	0	231	0	0	62	75	0	0	0	0	0	0	0	0	0	0	0	0	15019.1	2.60512
0	0	183	0	0	0	228	67	0	78	73	0	0	0	230	0	0	49	0	0	172	0	0	0	0	0	257	0	0	0	0	15078.2	3.83524
0	0	191	88	0	0	0	0	0	0	0	0	70	0	0	0	82	57	79	0	0	60	0	0	0	0	0	71	0	90	0	15112.1	1.91737
68	0	0	0	0	0	229	65	0	0	0	0	71	0	0	0	73	53	0	56	0	56	0	230	0	0	0	0	0	0	0	15153.9	2.62261
0	69	191	0	175	0	0	60	0	0	77	0	0	0	0	0	0	0	79	0	0	0	0	234	0	0	0	72	0	0	68	15204.8	4.5792
0	0	181	87	0	62	0	0	0	0	71	0	0	42	0	279	0	0	0	44	0	0	0	0	0	220	0	71	0	0	75	15253.6	2.72212
0	0	186	0	182	69	0	0	0	0	79	78	0	0	0	275	0	0	0	52	0	0	0	0	227	218	0	0	0	0	0	15319.9	4.89042
0	0	0	89	0	70	0	0	90	0	79	0	0	0	0	0	0	61	0	44	0	0	0	0	0	0	252	0	0	97	0	15357.1	2.58721
0	0	0	85	0	0	0	0	88	84	0	0	0	0	0	0	73	0	0	0	0	56	0	228	0	0	256	70	61	0	0	15403.4	3.63902
0	0	0	0	0	0	0	0	85	0	0	0	62	0	0	273	76	53	69	0	0	0	58	232	0	0	249	0	0	0	0	15457.4	3.30869
0	0	0	0	0	68	0	0	0	83	0	0	63	0	232	283	0	0	0	52	0	0	0	0	0	0	256	0	66	0	0	15504.1	3.10027
68	0	0	0	0	0	230	0	0	0	0	0	0	0	232	0	76	0	0	0	0	0	59	0	0	0	0	72	0	0	0	15534.7	2.06882
0	71	186	87	171	0	0	0	0	0	0	0	0	0	236	281	0	0	0	56	0	0	0	0	228	0	0	0	0	0	74	15598.4	4.85635
75	0	0	0	0	0	0	0	89	0	0	0	0	0	0	0	74	0	0	49	0	0	56	0	0	0	256	0	0	99	77	15633.6	2.47005
0	0	0	0	172	0	0	63	90	72	0	0	61	0	0	0	78	60	0	0	0	0	0	235	0	0	0	0	0	0	0	15677.3	4.27259
0	77	0	0	0	0	0	66	86	0	0	0	70	48	0	0	81	61	0	0	0	0	0	0	0	0	0	0	0	98	68	15706.2	2.15317
76	0	191	0	168	0	0	0	0	0	0	0	0	0	232	0	0	0	79	43	0	0	0	235	0	231	0	0	0	0	76	15769.5	5.94314
72	75	0	0	0	0	233	0	0	0	73	77	70	0	0	0	0	0	0	0	0	0	0	0	0	233	0	0	0	0	73	15809.6	3.17001
0	75	0	0	0	0	0	0	89	0	0	75	65	58	0	0	0	0	0	0	0	0	0	0	0	0	0	64	0	94	0	15831.8	2.17665
0	0	0	0	0	71	233	0	0	76	74	0	70	0	0	0	0	56	0	0	0	51	0	0	0	0	0	56	0	0	0	15863.1	1.68925
0	0	0	0	0	0	0	0	0	0	77	0	70	0	232	282	0	0	70	57	0	0	0	0	0	0	0	0	55	86	0	15901	2.56944
63	0	0	0	0	0	0	67	84	0	79	0	0	0	235	0	0	0	0	0	166	57	0	0	0	224	0	0	0	0	0	15943.2	3.73649
0	78	183	82	172	0	0	67	0	0	0	0	0	0	0	0	78	0	69	0	0	0	0	0	0	0	0	0	0	87	0	15983.2	3.72926
0	0	0	0	0	0	0	0	0	0	0	0	71	0	0	265	81	0	74	0	171	56	58	0	0	223	0	0	0	0	0	16026.8	2.67632
0	0	0	0	0	0	223	61	0	74	0	0	65	0	0	268	75	46	0	57	0	0	56	0	0	0	0	0	0	0	0	16067.5	2.01932
0	0	0	0	0	0	0	66	82	0	77	0	71	0	0	283	0	0	0	43	170	0	0	0	230	0	0	63	0	90	0	16119.9	3.04055
0	0	0	0	0	0	0	0	0	78	77	0	0	54	0	0	0	56	0	0	0	0	52	236	0	232	0	0	62	99	0	16163.4	3.44705
0	68	182	0	0	0	219	66	0	0	0	77	0	55	0	0	74	0	68	0	0	0	0	0	0	221	0	0	0	0	0	16210.3	3.49043
0	0	182	0	178	68	0	58	0	84	0	0	0	53	0	0	0	56	0	53	0	0	53	0	0	0	249	0	0	0	0	16262.8	4.41335
71	0	0	0	0	67	0	58	0	0	0	0	63	54	235	0	0	0	72	0	0	59	0	0	0	0	0	0	64	0	0	16294.6	2.77228
0	0	0	84	0	64	237	0	0	0	0	69	0	0	0	0	78	0	0	43	176	0	0	0	0	0	249	0	0	93	0	16344.6	3.17258
0	0	0	86	0	0	0	0	0	0	0	72	70	41	0	0	78	0	75	0	0	0	50	234	236	0	0	0	0	0	0	16390.9	3.4121
0	0	190	86	175	0	232	0	0	0	0	78	0	49	233	0	0	0	0	0	0	56	0	0	0	0	0	0	0	0	0	16441.9	4.78612
58	0	189	0	182	0	0	0	0	0	72	0	0	0	0	278	0	0	79	44	0	58	0	0	0	0	0	0	0	98	0	16491.7	3.45805
0	0	191	0	0	0	219	0	0	0	77	0	0	55	0	267	0	0	0	0	175	0	0	225	0	0	0	72	0	0	0	16548.3	2.75633
0	0	0	89	0	0	0	0	84	0	79	0	0	0	229	279	0	0	78	0	167	0	0	0	0	226	0	0	0	0	0	16602	4.0579
73	0	0	0	0	0	0	0	0	75	0	0	0	0	0	266	0	47	0	0	0	54	55	0	0	0	0	60	66	0	74	16633.4	1.4483
0	0	188	0	0	0	0	0	0	0	0	0	0	54	0	279	0	0	0	0	176	0	53	0	224	0	0	0	0	0	64	16679.5	1.99223
0	0	190	0	0	61	0	0	0	0	75	0	70	0	0	0	0	0	0	59	175	0	0	0	0	0	254	70	0	85	0	16725.5	2.78433
0	71	190	0	174	0	0	0	0	75	0	75	0	0	0	0	72	55	0	0	0	0	0	0	0	0	0	0	0	0	0	16760.9	3.14057
71	0	0	0	0	66	0	65	87	0	0	0	71	0	0	0	76	59	0	0	0	0	47	0	0	234	0	0	0	0	0	16797.1	2.85346
0	0	0	0	0	0	220	0	0	0	0	77	0	0	0	0	71	0	0	0	0	0	59	226	0	0	256	0	0	98	0	16843.7	3.17078
75	0	0	0	0	0	0	0	0	0	0	0	0	0	0	0	0	0	66	0	0	0	0	230	0	223	255	0	0	0	71	16887.6	3.40699
0	0	0	87	0	0	0	0	0	0	0	0	0	0	0	0	0	46	0	0	0	55	0	0	0	0	257	64	0	86	0	16913.8	1.67971
0	0	0	0	0	60	0	0	0	0	79	75	0	0	0	0	0	0	0	51	0	0	51	234	0	0	0	0	0	93	76	16947	2.4086
76	71	0	0	0	68	0	0	0	84	0	0	0	0	0	0	0	0	0	58	173	44	0	0	236	0	0	0	0	0	75	16988.7	2.42469
0	72	0	0	0	0	0	0	0	0	0	0	69	0	0	0	81	0	0	49	166	55	0	228	0	0	257	0	0	0	0	17033.7	3.14043
0	0	0	80	0	0	0	66	0	0	0	0	0	0	0	277	0	62	0	54	175	0	0	0	235	0	0	60	0	0	0	17079.4	2.25527
72	0	0	0	182	0	0	0	0	0	0	0	69	0	232	0	0	0	0	48	0	0	0	0	235	0	0	0	56	97	0	17126.7	4.68181
0	73	0	88	0	61	0	0	0	0	0	0	69	0	0	0	77	48	77	0	0	0	0	0	0	220	0	0	60	0	0	17162.1	2.97093
59	0	192	0	181	0	0	0	83	0	0	0	71	0	234	269	0	0	0	0	0	0	57	0	0	219	0	0	0	0	0	17223.8	5.51819
76	77	189	0	0	0	0	0	0	0	0	0	0	0	0	0	0	0	0	50	172	0	0	0	0	0	0	0	0	0	67	17250.9	1.56589
0	0	181	84	0	0	0	0	0	83	0	0	0	0	235	0	0	0	0	58	0	0	0	234	0	230	0	0	0	87	70	17305.7	4.46331
0	0	0	0	0	0	0	64	0	0	0	0	0	0	0	0	82	55	0	47	0	0	0	234	0	0	253	0	0	0	0	17341.3	2.31752
0	0	0	0	0	0	0	0	89	0	0	77	70	0	0	0	0	0	0	0	174	59	0	227	235	0	0	69	65	0	0	17391	3.97222
0	0	0	81	0	63	0	0	90	69	0	0	69	0	0	0	0	0	79	0	0	0	57	0	0	0	0	56	0	0	0	17418	2.461
0	0	0	80	0	0	0	63	88	72	0	0	0	0	0	0	73	0	0	51	0	0	58	0	0	0	0	72	0	0	0	17443.6	2.23238
73	0	0	89	0	0	0	0	81	0	77	0	0	0	233	0	0	0	74	0	172	0	0	234	0	0	0	0	63	0	0	17493.2	4.27903
0	0	187	0	0	0	0	66	0	80	0	75	0	0	0	0	0	50	0	0	0	0	59	226	0	0	0	72	65	0	0	17532.5	2.95884
76	0	0	86	0	0	221	0	0	0	80	0	0	0	234	0	79	57	0	0	169	0	0	0	0	233	0	0	0	0	78	17589.8	3.95829
65	0	0	0	180	0	235	0	0	0	78	0	0	0	235	0	0	0	77	54	0	0	0	0	0	0	0	63	0	0	78	17640.7	4.74406
0	0	0	0	0	0	223	0	0	0	0	0	69	0	235	0	0	0	0	0	176	0	59	0	0	219	0	0	0	98	0	17686.5	3.81351
0	0	191	81	0	65	234	0	0	70	0	0	0	0	0	0	0	0	69	0	0	0	0	235	0	0	253	0	0	84	77	17749.9	4.04427
64	72	182	88	179	0	0	0	0	0	0	0	0	42	0	0	72	0	0	0	0	0	0	226	236	0	0	0	0	0	0	17808.7	4.67371
76	0	0	0	0	65	0	0	0	0	0	0	68	0	0	271	0	0	80	0	0	0	50	0	0	0	0	68	0	0	0	17838.1	1.37259
72	72	0	0	0	0	0	0	0	0	0	0	0	0	233	282	72	60	0	0	0	0	57	0	0	0	0	0	0	0	68	17875	1.82849
0	0	0	0	171	0	0	0	0	0	77	77	0	0	0	0	0	0	0	56	0	0	0	0	0	0	251	65	0	89	0	17914.2	3.84262
66	74	187	0	0	0	224	0	0	0	0	0	0	0	228	276	0	0	0	0	0	0	0	0	231	0	0	0	0	0	0	17969.5	2.8178
0	0	0	0	0	68	0	66	0	0	0	0	0	48	230	0	0	0	0	0	0	0	59	0	235	0	0	0	63	84	64	18010	3.12498
71	70	0	0	0	70	0	0	86	0	0	71	0	0	0	0	0	0	0	0	0	58	54	223	227	0	0	0	0	0	0	18055.3	3.31749
0	76	0	0	0	0	236	0	84	75	0	77	0	57	0	0	0	0	0	0	0	52	0	0	0	0	0	0	0	89	0	18088.8	2.64948
0	0	191	0	0	0	0	56	0	0	0	77	63	0	235	278	74	0	0	58	0	0	0	0	0	0	0	0	0	0	0	18130.6	2.5137
0	72	188	87	0	0	237	58	0	0	0	0	0	0	0	0	77	61	0	0	0	0	0	0	232	0	0	65	0	98	0	18183.6	2.89197
75	0	0	0	176	0	0	0	89	71	0	0	64	0	233	0	0	0	0	0	0	0	0	0	0	221	0	0	65	0	0	18230.5	5.51719
0	0	186	0	0	0	0	0	90	0	0	0	0	0	0	0	0	0	0	57	0	59	0	0	227	224	256	0	0	0	0	18282.6	3.82693
67	73	0	0	182	0	0	62	0	0	0	0	71	48	0	0	0	0	0	0	0	50	59	0	0	0	0	0	0	0	0	18313.7	3.53914
73	0	0	0	0	0	231	0	86	0	0	0	0	57	0	275	0	57	0	0	0	46	0	0	0	0	0	0	0	0	71	18353.2	1.83079
71	69	0	0	0	0	0	0	80	0	0	0	0	52	228	0	0	0	0	48	0	59	0	0	0	0	0	0	0	98	0	18382.5	2.57924
0	0	0	0	0	0	230	0	89	0	71	0	71	47	0	0	0	0	0	46	0	57	0	0	0	0	0	0	0	88	72	18417.1	2.54304
0	0	0	0	0	62	0	0	0	77	0	0	0	0	0	0	0	0	0	0	45	0	47	223	236	222	255	70	66	0	0	18479.2	4.63583
57	0	179	0	0	0	0	0	0	0	0	0	0	0	233	281	0	0	0	53	0	0	0	0	225	234	0	0	64	0	75	18539	3.83514
0	0	0	0	183	0	0	0	0	0	0	76	0	0	233	0	0	0	66	0	0	0	0	0	237	233	249	0	59	0	0	18604.5	6.57145
0	0	0	88	168	0	0	0	0	0	0	0	0	0	228	0	0	0	76	0	0	0	47	0	0	0	0	71	56	0	71	18642.3	4.40743
76	71	0	0	0	68	0	0	0	0	73	68	0	0	0	0	0	0	0	0	173	0	53	228	232	0	0	0	0	0	0	18692.5	3.23594
0	72	0	0	0	0	0	0	0	0	0	0	70	0	0	271	80	0	0	57	175	0	0	0	0	0	0	66	65	0	0	18727.6	1.95414
0	0	0	80	0	0	236	0	0	0	79	0	0	46	234	0	0	56	0	0	175	0	0	0	0	224	0	59	0	94	0	18783.1	4.1261
61	77	0	0	0	0	227	0	0	0	0	0	0	0	0	0	0	45	0	51	0	0	0	0	0	0	0	0	62	82	0	18809.5	1.77689
0	0	190	0	180	61	0	0	0	0	0	72	71	0	0	276	0	0	0	51	0	0	55	0	229	0	0	0	0	0	0	18866.9	4.19465
74	0	0	0	177	70	0	58	0	0	0	0	0	0	0	0	0	0	0	55	167	0	0	0	228	0	252	0	0	0	0	18923.2	4.58638
0	0	0	0	171	0	0	0	85	0	0	0	0	0	230	272	0	0	0	0	0	0	58	229	74	0	257	0	0	99	0	18992.6	5.80258
0	0	0	0	0	69	0	0	84	84	0	0	0	0	0	0	73	0	68	0	0	58	59	0	0	0	0	0	62	0	0	19019.1	2.11157
0	77	0	0	175	70	0	0	90	0	0	0	0	0	0	0	80	0	75	0	0	0	0	0	0	227	0	0	0	0	67	19063.7	4.65357
0	0	188	0	0	0	0	62	0	74	0	70	0	0	0	279	0	0	75	0	169	0	0	0	236	0	0	0	0	100	0	19119.9	2.91302
0	0	0	88	0	0	0	0	90	0	0	78	0	50	0	0	0	0	0	0	168	0	0	233	225	0	0	0	65	0	0	19168.1	3.9575
0	69	0	0	0	0	0	65	77	77	0	0	0	0	0	0	0	0	0	0	0	0	0	235	231	0	256	0	67	0	0	19220.4	4.15835
76	75	184	0	0	68	233	65	0	0	75	0	0	0	0	0	0	0	0	0	0	58	0	0	232	0	0	0	0	90	0	19273.2	2.80154
0	76	0	0	181	0	0	0	0	81	0	0	0	0	0	0	0	0	0	0	166	45	0	0	0	233	0	0	64	0	0	19314.6	4.56373
64	0	0	87	169	0	224	64	0	0	70	74	0	0	0	0	0	0	0	0	0	0	55	0	0	0	0	0	66	0	0	19357.7	4.38208
76	0	0	0	0	0	0	57	0	0	0	0	72	57	0	280	77	0	0	55	0	0	53	0	0	0	0	0	0	0	0	19388.7	1.48445
0	0	0	0	0	61	0	61	0	0	0	0	68	58	0	0	75	0	75	53	0	0	0	0	0	0	0	0	0	88	0	19414	1.77377
75	0	0	80	0	62	0	0	0	0	0	0	0	0	0	0	80	0	0	0	0	47	0	234	0	231	0	0	0	0	0	19451.7	2.68552
0	0	183	0	0	62	0	63	0	82	0	0	71	0	0	0	0	61	0	0	172	0	0	0	232	0	0	0	0	0	0	19495.3	2.38522
72	0	184	0	0	0	232	0	0	70	0	0	0	0	0	0	70	0	0	46	177	0	0	0	0	0	0	0	0	90	78	19539.8	2.276
0	71	0	0	0	0	0	0	0	0	76	0	0	0	0	282	0	0	67	58	0	52	48	232	0	0	250	0	0	0	0	19591.9	3.16259
0	76	0	0	0	0	219	64	0	78	0	0	0	0	226	267	0	57	0	46	0	58	0	231	0	0	0	0	0	0	0	19649.4	3.62313
65	73	183	0	0	66	235	0	0	0	0	0	65	0	0	0	0	0	0	0	0	0	59	0	237	0	0	0	55	0	0	19697.1	2.91177
68	0	188	89	0	61	0	62	0	0	0	0	0	0	235	0	72	0	0	0	0	54	0	0	0	0	0	0	0	96	0	19735.1	2.4283
0	78	0	0	180	60	0	0	81	75	0	72	0	0	0	0	0	0	0	0	0	57	0	0	0	0	0	0	57	0	0	19769.1	4.01553
0	0	191	0	0	0	0	0	0	84	79	0	0	49	0	0	0	0	73	0	170	0	49	0	236	0	0	69	0	0	0	19816.3	2.76504
71	71	0	0	175	0	0	0	0	0	0	78	63	46	0	0	0	0	0	0	0	0	0	0	227	227	0	0	0	0	0	19864.9	4.84562
0	0	181	0	181	0	0	61	0	75	71	0	71	0	0	0	0	0	0	0	0	0	0	227	237	0	0	0	65	0	73	19926.7	5.30544
0	77	0	88	0	0	0	0	81	71	71	0	0	0	0	0	0	0	0	0	0	0	0	0	0	0	256	0	0	86	0	19960.2	2.68269
0	0	188	86	0	71	0	0	0	0	0	0	0	50	0	280	0	61	0	0	0	0	0	0	229	234	0	0	0	0	0	20014.9	2.7758
0	0	190	0	0	0	0	61	0	78	0	0	0	0	0	0	0	0	0	58	0	45	53	0	0	0	0	0	0	0	63	20038.8	1.59271
0	0	0	0	0	0	0	0	0	82	0	0	0	0	0	0	0	0	70	43	0	0	0	235	0	0	0	61	55	89	0	20068.2	2.38107
0	0	0	84	0	0	0	0	0	83	0	77	0	0	0	0	0	0	78	0	0	49	0	0	227	0	0	0	0	98	0	20101.3	2.3552
0	0	184	79	0	0	236	63	0	0	78	0	0	0	0	0	0	0	0	0	0	0	0	0	229	0	257	69	0	99	0	20160.7	3.53672
0	0	0	86	0	59	0	0	0	76	0	0	0	0	0	281	0	0	0	0	174	0	0	0	0	0	0	55	61	0	0	20194.1	1.72688
0	68	0	85	0	0	233	62	0	78	0	0	0	0	0	0	0	0	0	0	0	0	50	228	0	0	0	63	0	0	0	20234.1	3.08369
0	0	0	0	0	0	0	0	79	0	0	0	0	0	230	0	0	0	0	49	0	0	0	0	0	230	256	71	0	0	0	20274.4	3.81774
0	0	0	80	0	0	0	0	0	0	0	0	0	53	0	284	78	55	72	0	0	0	47	0	0	220	0	0	0	0	70	20317	2.45889
0	0	187	0	175	0	235	0	0	0	0	0	69	0	0	0	0	62	0	0	0	57	48	0	0	0	0	0	0	0	73	20360.9	3.62741
0	0	189	0	0	0	0	0	86	80	0	0	0	0	225	0	0	0	0	0	175	54	51	234	0	0	0	0	0	0	75	20412.3	3.92759
74	0	0	0	0	0	0	67	83	83	0	0	63	0	0	0	0	59	0	0	0	0	0	222	0	0	256	66	0	0	0	20458.2	3.43788
75	0	0	86	182	0	0	68	0	0	0	0	0	0	0	0	0	0	0	0	0	0	59	223	0	234	0	0	64	0	0	20507.8	5.42582
0	0	182	0	0	67	0	66	0	70	0	78	70	0	0	0	74	61	75	0	0	0	0	0	0	0	0	0	0	0	0	20542.1	2.10002
0	0	187	81	0	0	0	0	0	0	0	72	0	58	231	0	0	0	0	0	0	0	56	230	182	0	255	0	65	0	0	20606.2	4.99433
0	0	0	0	0	0	0	55	0	0	0	78	0	0	0	282	0	52	0	44	0	53	55	0	0	228	0	0	66	0	0	20645.1	2.78179
0	0	0	0	0	0	0	0	86	80	0	73	69	44	0	0	0	0	0	0	176	59	0	0	232	0	0	67	0	0	0	20686.5	3.08312
0	0	192	0	0	0	0	0	0	0	77	0	0	0	0	0	0	47	0	0	0	50	53	233	0	234	0	0	0	92	0	20730.5	3.00591
0	0	0	0	181	69	0	0	0	83	0	0	0	0	0	0	72	0	0	0	173	0	54	0	0	0	256	0	0	92	0	20779.6	4.1156
0	0	0	0	171	0	0	0	84	0	0	0	67	0	0	0	74	51	0	0	172	0	0	233	0	0	0	0	0	0	0	20823.9	4.15661
0	0	184	0	0	70	0	0	89	84	0	0	0	0	0	280	80	0	0	57	0	0	0	0	0	0	0	64	0	0	0	20863.5	1.78293
0	0	0	0	175	0	0	0	0	83	75	72	0	0	234	0	0	0	77	0	171	0	0	232	0	0	0	56	0	0	0	20920.5	5.51541
0	0	0	88	0	0	0	63	87	0	72	0	63	42	0	0	0	0	0	42	0	0	0	235	0	0	0	0	0	94	0	20957.4	3.2065
58	0	183	0	0	0	0	68	0	0	0	0	0	0	0	0	79	0	0	50	0	0	0	0	232	0	257	70	0	0	0	21003.8	2.57921
0	0	0	0	168	0	221	66	0	0	0	0	0	0	0	0	82	0	65	0	0	0	55	0	238	0	0	0	0	0	0	21051.3	3.98883
0	0	0	0	174	0	230	60	0	75	0	0	0	46	0	0	80	0	0	58	176	0	0	0	0	0	0	57	0	0	66	21101.6	4.257
0	0	0	0	0	0	225	55	0	0	72	69	0	48	232	0	0	45	0	0	173	0	0	0	0	233	257	0	0	0	0	21164.6	4.90491
68	0	0	0	0	66	226	0	0	0	0	0	0	47	0	266	74	0	73	0	173	59	0	0	0	232	0	0	0	0	0	21222.4	3.09712
0	69	0	79	0	63	235	0	0	85	0	0	69	0	0	0	0	0	76	0	0	0	0	235	0	0	0	0	59	0	0	21268.2	3.59427
73	71	0	0	0	0	237	0	83	0	0	0	0	0	228	0	77	0	0	0	166	0	0	236	0	232	0	56	0	0	0	21333.3	5.11969
0	0	189	0	0	0	0	0	0	0	73	0	0	48	235	272	0	0	0	0	0	0	0	0	0	234	185	0	64	98	0	21391.4	3.87467
0	70	0	0	0	0	0	0	0	0	0	0	62	0	234	0	0	0	0	0	172	0	0	0	0	0	256	0	53	0	73	21429.9	3.28483
73	0	0	0	182	0	234	0	0	0	77	0	0	0	0	0	0	0	72	54	0	55	52	0	0	0	255	0	66	0	0	21486.2	5.04887
0	0	0	0	0	0	233	68	87	76	0	69	0	41	0	0	81	49	0	0	0	0	0	0	0	233	0	0	0	0	71	21532.8	3.6382
49	0	189	0	0	0	232	0	83	0	0	0	0	48	226	266	0	0	77	0	0	0	0	0	0	0	251	0	0	0	0	21595.5	3.87724
0	0	0	0	0	0	228	0	88	0	78	0	0	0	0	282	0	0	0	0	174	53	0	0	237	0	257	0	0	0	0	21660.2	3.47181
0	0	182	0	175	0	0	0	0	0	80	0	0	0	228	0	81	0	0	0	173	59	0	0	235	0	0	0	0	89	0	21721.2	4.65249
0	74	0	0	182	0	0	66	0	0	0	78	0	47	235	0	76	0	0	0	0	0	0	229	0	0	0	0	54	97	0	21774.4	5.52945
0	77	0	0	0	0	0	0	0	85	0	0	0	0	0	0	78	0	67	0	169	0	0	0	0	233	0	0	0	0	78	21810.1	2.72767
74	0	0	83	181	0	0	67	0	0	0	0	0	0	0	0	0	0	0	54	176	59	56	0	0	0	0	0	0	0	0	21847.9	3.8757
0	0	191	0	0	70	0	66	0	0	0	0	0	0	228	0	0	0	79	0	0	52	0	0	235	0	254	0	0	92	0	21905.6	3.80281
71	71	0	0	0	0	225	57	0	81	0	0	0	0	228	0	0	0	0	49	0	0	51	0	0	0	0	0	0	0	0	21941.4	2.88896
0	0	190	0	0	0	0	58	0	0	0	0	0	56	233	0	81	0	0	0	0	0	55	0	237	0	0	0	0	0	69	21984.6	2.77693
73	0	0	0	182	0	0	0	0	0	73	0	0	0	233	270	78	0	0	0	174	0	0	233	0	0	257	0	0	0	0	22058	5.41784
0	0	0	0	0	0	234	66	0	0	0	0	70	0	0	0	0	57	0	0	0	0	48	173	230	228	257	0	0	0	0	22123.4	4.71443
0	0	191	0	168	66	233	60	0	0	0	0	0	0	232	0	0	46	0	0	0	0	0	0	0	228	0	59	0	0	0	22183.2	5.29433
0	0	0	0	0	68	229	60	0	73	74	0	0	0	0	0	0	0	0	0	0	0	0	0	0	229	0	62	0	92	0	22223.2	2.82401
0	78	181	0	0	63	0	65	89	0	78	0	0	49	0	0	0	0	67	0	0	0	0	233	0	0	0	0	0	0	0	22266.8	3.25235
0	0	0	87	0	0	0	0	0	0	0	0	0	41	0	280	0	0	0	0	0	0	0	235	237	231	0	0	0	99	0	22322.2	3.4265
62	0	186	0	0	0	0	67	0	0	0	0	0	0	0	0	0	59	0	0	0	44	55	231	0	232	0	0	0	0	0	22365	3.05075
68	74	0	0	0	0	223	0	0	0	0	0	0	0	0	0	81	0	0	46	0	50	59	0	0	0	0	0	0	99	78	22398.5	1.97186
0	72	0	0	0	0	0	0	0	0	72	68	0	0	231	0	0	0	74	0	0	0	54	0	0	0	249	0	53	0	76	22439.8	3.67051
0	0	0	0	0	0	0	67	0	0	0	74	67	0	231	0	0	0	0	0	0	46	0	223	226	233	0	0	0	0	0	22492.7	4.60003
0	73	0	0	176	0	234	66	88	77	74	0	0	55	0	0	0	0	0	0	172	0	0	232	0	0	0	0	0	0	0	22555.7	5.73306
0	0	0	88	0	67	224	0	0	0	0	0	0	57	0	0	0	0	0	0	0	44	51	0	226	0	0	72	0	0	0	22595.2	2.40023
0	0	0	0	171	0	0	0	0	0	0	0	64	0	0	0	0	0	0	0	0	0	0	234	229	219	0	60	0	95	74	22652.1	5.21565
