0.0	0.0
0.493856	0.049665
0.558415	0.067626
0.573568	0.093072
0.681112	0.110523
0.71696	0.11634
0.987965	0.119646
1.07387	0.13005
1.12631	0.149415
1.30929	0.167236
1.34085	0.177875
1.36222	0.221046
1.61316	0.261765
1.64901	0.267582
2.02169	0.285177
2.02196	0.288398
2.12207	0.304206
2.25842	0.366471
2.33012	0.378105
2.36597	0.383922
2.40182	0.389739
3.0404	0.424697
3.05713	0.438735
3.24377	0.463583
3.59695	0.487543
3.6589	0.516159
3.73167	0.58671
3.80077	0.597575
4.44863	0.70305
4.71964	0.706356
5.02795	0.715827
5.23152	0.744879
5.28346	0.797319
5.79526	0.800697
5.94425	0.857974
5.96099	0.865969
6.16775	0.898461
6.37607	0.938845
6.66586	0.967409
6.85384	0.970679
6.89679	0.975881
6.92486	0.988697
7.02802	1.02218
7.23448	1.09928
7.73201	1.11556
7.8194	1.1158
7.99516	1.11854
8.04021	1.18618
8.17714	1.2315
8.36171	1.31466
8.77633	1.37986
8.84544	1.39072
9.29662	1.40056
9.34401	1.40292
9.43439	1.45696
9.63383	1.45831
9.66354	1.47699
9.72003	1.48948
9.93363	1.49777
9.95225	1.50834
10.1267	1.53271
10.1677	1.53697
10.2077	1.61177
10.3333	1.6346
10.4253	1.64744
10.4944	1.6583
10.9675	1.69493
11.1701	1.6881
11.2473	1.78046
11.6981	1.7831
11.7114	1.78375
11.807	1.79219
11.8403	1.80792
11.9274	1.81002
11.9943	1.81647
12.0195	1.83701
12.0654	1.86673
12.145	1.84545
12.3377	1.87056
12.396	1.88641
12.5562	1.91874
12.5771	1.97743
12.6462	1.98829
13.0151	1.99263
13.1506	2.00502
13.1969	2.0118
13.2564	2.0248
13.2994	2.03
13.3635	2.03852
13.3761	2.04088
13.5532	2.04679
13.5605	2.05014
13.589	2.08311
13.7237	2.09665
13.7752	2.11214
13.8421	2.11651
13.8443	2.12301
13.9372	2.20266
14.4706	2.23821
14.7971	2.24236
14.8342	2.27656
14.9431	2.36135
14.9783	2.29092
15.048	2.37803
15.3811	2.38498
15.5015	2.42898
15.58	2.43065
15.694	2.46096
15.7476	2.46808
15.931	2.481
16.0929	2.49333
16.123	2.51788
16.2524	2.52859
16.2839	2.53923
16.494	2.54724
16.5679	2.5503
16.5786	2.55288
16.6057	2.58192
16.6594	2.58903
16.8203	2.61038
16.9881	2.61151
17.0331	2.62158
17.1579	2.6306
17.193	2.63635
17.2	2.63993
17.2719	2.65887
17.3001	2.67042
17.5577	2.67783
17.5732	2.69326
17.7317	2.69631
17.7749	2.69907
17.7982	2.70511
17.8203	2.71372
17.9276	2.71201
17.945	2.71808
17.9706	2.73667
17.975	2.74628
18.1075	2.78114
18.3762	2.78976
18.3921	2.79451
18.4192	2.79497
18.5307	2.79698
18.548	2.81057
18.5902	2.84517
18.6975	2.8594
18.8106	2.86854
18.8584	2.88075
18.9656	2.89498
19.1265	2.91632
19.1802	2.92344
19.2338	2.93055
19.3411	2.94478
19.3947	2.9519
19.4483	2.95901
19.502	2.96613
19.5556	2.97324
19.6064	2.97637
19.6961	2.99252
19.7165	2.99459
19.7678	3.00415
19.8238	3.00882
19.9287	3.0255
20.0585	3.02897
20.0604	3.03375
20.1145	3.03597
20.1833	3.04579
20.2731	3.05743
20.3876	3.06352
20.4014	3.06615
20.4363	3.07866
20.4899	3.08577
20.5222	3.08906
20.549	3.09131
20.6024	3.0952
20.6027	3.09842
20.6382	3.10102
20.6538	3.10261
20.6563	3.10554
20.7099	3.11265
20.7636	3.11977
20.7987	3.129
20.9213	3.14065
20.9553	3.14361
21.0244	3.15448
21.0465	3.14862
21.0994	3.16542
21.2128	3.16838
21.2144	3.16994
21.2147	3.17316
21.2299	3.17436
21.2603	3.18676
21.3004	3.18741
21.3572	3.19663
21.4828	3.1974
21.4854	3.19817
21.4938	3.20253
21.5047	3.20767
21.529	3.21744
21.5906	3.21807
21.6013	3.21998
21.6045	3.2207
21.6184	3.22332
21.6208	3.22792
21.6469	3.23358
21.6899	3.23878
21.7438	3.24345
21.7976	3.24811
21.8297	3.25385
21.8617	3.25959
21.9265	3.26372
21.9585	3.26946
22.0103	3.27179
22.0157	3.27343
22.0501	3.27628
22.0515	3.27925
22.0658	3.28369
22.0874	3.28506
22.1194	3.2908
22.1733	3.29547
22.1947	3.29929
22.2163	3.30067
22.2483	3.30641
22.2913	3.31161
22.3235	3.3149
22.3342	3.31681
22.3881	3.32148
22.4595	3.32422
22.4874	3.32566
22.4882	3.33065
22.5413	3.33111
22.549	3.34282
22.6029	3.34749
22.6458	3.35269
22.6672	3.35651
22.7208	3.36363
22.764	3.36638
22.7747	3.36829
22.8176	3.3735
22.8606	3.3787
22.9035	3.3839
22.9249	3.38773
22.9427	3.38902
22.9465	3.3891
22.9785	3.39484
23.024	3.39514
23.0538	3.40333
23.0644	3.40524
23.1074	3.41045
23.1503	3.41565
23.2004	3.42024
23.2363	3.42605
23.2685	3.42934
23.2863	3.43064
23.3598	3.43278
23.3979	3.43615
23.4054	3.43847
23.4374	3.43853
23.4482	3.44297
23.4484	3.44367
23.4589	3.44628
23.467	3.44701
23.4913	3.44887
23.502	3.45078
23.51	3.45222
23.5127	3.4527
23.5343	3.45407
23.545	3.45599
23.5768	3.45675
23.5772	3.45927
23.5878	3.45955
23.6072	3.46464
23.6309	3.46639
23.6388	3.46782
23.6415	3.4683
23.6545	3.46915
23.6843	3.4742
23.7236	3.48002
23.7895	3.48079
23.7918	3.48459
23.8133	3.48344
23.8136	3.48666
23.8551	3.48747
23.8563	3.48864
23.8619	3.48871
23.8696	3.48879
23.8779	3.49569
23.9099	3.49576
23.9102	3.49898
23.9136	3.50081
23.9209	3.50089
23.9316	3.5028
23.9606	3.50538
23.9638	3.50609
23.9745	3.508
23.9961	3.50938
23.998	3.51277
24.0175	3.51321
24.0281	3.51512
24.0497	3.5165
24.0604	3.51841
24.0711	3.52032
24.0743	3.52103
24.1034	3.52361
24.114	3.52552
24.1538	3.53001
24.157	3.53073
24.1837	3.5314
24.2526	3.53306
24.2571	3.53991
24.2791	3.53996
24.289	3.54139
24.2994	3.54152
24.3149	3.54411
24.3189	3.54445
24.3248	3.54721
24.3618	3.54965
24.3678	3.55241
24.3857	3.55456
24.4048	3.55485
24.4345	3.55853
24.442	3.55973
24.4616	3.56268
24.4691	3.56388
24.4723	3.56459
24.5121	3.56908
24.555	3.57429
24.5812	3.57629
24.6251	3.57716
24.6341	3.58459
24.6565	3.57949
24.6625	3.58467
24.6997	3.59095
24.7656	3.59346
24.8019	3.60107
24.843	3.6015
24.8815	3.60328
24.8827	3.60598
24.8966	3.60861
24.9142	3.6107
24.9363	3.6131
24.9674	3.61369
24.9753	3.61691
25.0104	3.61889
25.0117	3.61959
25.015	3.62232
25.0233	3.62467
25.034	3.62658
25.0521	3.62969
25.0945	3.6313
25.1092	3.63507
25.1111	3.63846
25.1306	3.6389
25.1578	3.63963
25.187	3.64025
25.1945	3.64611
25.224	3.6505
25.2573	3.65357
25.262	3.65272
25.2943	3.65448
25.305	3.65792
25.3123	3.658
25.3155	3.65872
25.3261	3.66063
25.3798	3.66775
25.4014	3.66912
25.4358	3.67196
25.455	3.67624
25.5086	3.68335
25.5698	3.68392
25.5804	3.68737
25.5925	3.68967
25.6177	3.6939
25.6799	3.6967
25.6938	3.69933
25.7191	3.70183
25.737	3.70208
25.7436	3.70309
25.7474	3.70644
25.7592	3.70952
25.8011	3.71356
25.8267	3.71926
25.8408	3.71805
25.8688	3.72085
25.8752	3.72228
25.8979	3.72343
25.9011	3.72414
25.9086	3.72534
25.9118	3.72605
25.915	3.72677
25.9193	3.72725
25.9267	3.72845
25.9299	3.72917
25.9395	3.7313
25.9579	3.73197
25.9654	3.73317
25.9761	3.73508
25.9945	3.73574
25.9977	3.73646
26.0052	3.73766
26.0084	3.73837
26.019	3.74028
26.0293	3.74038
26.0374	3.74095
26.0449	3.74215
26.0513	3.74357
26.0556	3.74406
26.0588	3.74477
26.062	3.74548
26.0652	3.7462
26.0911	3.74806
26.0985	3.74926
26.1017	3.74997
26.1049	3.75069
26.1308	3.75255
26.1415	3.75446
26.1447	3.75518
26.1845	3.75967
26.2261	3.76032
26.247	3.76077
26.2733	3.76242
26.2871	3.76597
26.3098	3.76961
26.313	3.77033
26.3525	3.77159
26.3583	3.77308
26.3634	3.77673
26.3915	3.77812
26.3957	3.78002
26.4171	3.78384
26.4274	3.78394
26.4493	3.78713
26.46	3.78904
26.503	3.79425
26.5461	3.79561
26.5466	3.79741
26.5811	3.79868
26.5891	3.80081
26.6175	3.80402
26.6459	3.8071
26.6534	3.80984
26.691	3.8151
26.7168	3.81562
26.74	3.8182
26.7634	3.81769
26.7684	3.81828
26.775	3.81938
26.7759	3.82402
26.7999	3.82513
26.8254	3.8275
26.8354	3.82964
26.8646	3.83026
26.8657	3.83119
26.8785	3.83135
26.8841	3.8325
26.9019	3.83304
26.9214	3.83655
26.9232	3.83779
26.9449	3.83824
26.9453	3.83858
26.9667	3.84012
26.9718	3.84449
27.0026	3.84594
27.0231	3.84689
27.0253	3.84773
27.0363	3.84848
27.0425	3.85126
27.0521	3.85247
27.0628	3.85439
27.092	3.855
27.0943	3.85867
27.1058	3.85959
27.122	3.86024
27.1441	3.86102
27.1455	3.86408
27.1617	3.86473
27.1853	3.86857
27.1993	3.86924
27.2287	3.8695
27.2351	3.87092
27.2404	3.87265
27.2422	3.87444
27.2655	3.87497
27.2792	3.87695
27.3031	3.87898
27.3146	3.8799
27.3211	3.88052
27.3218	3.88341
27.3486	3.88393
27.3662	3.88428
27.3674	3.88447
27.3769	3.8875
27.3941	3.88888
27.4105	3.88965
27.4224	3.89245
27.4268	3.89399
27.4502	3.89414
27.4641	3.89677
27.4679	3.8974
27.4748	3.89868
27.4767	3.89878
27.478	3.8994
27.5068	3.89989
27.5071	3.90197
27.5129	3.90274
27.5177	3.90389
27.5575	3.90837
27.5607	3.90909
27.5972	3.91286
27.6004	3.91358
27.6216	3.91363
27.6402	3.91806
27.6849	3.92019
27.6854	3.92038
27.707	3.92126
27.7074	3.92304
27.7252	3.92487
27.7277	3.9253
27.7434	3.92685
27.7452	3.92864
27.7765	3.93391
27.8082	3.93437
27.8318	3.937
27.835	3.93953
27.8492	3.93997
27.8728	3.94224
27.876	3.94296
27.8874	3.94354
27.8979	3.94492
27.9083	3.94436
27.9109	3.9463
27.9158	3.94745
27.9303	3.94874
27.9367	3.95016
27.9574	3.9537
27.9727	3.95339
28.0019	3.954
28.0156	3.95859
28.0162	3.95914
28.0487	3.96002
28.0556	3.96214
28.0846	3.9637
28.0942	3.96497
28.1022	3.96955
28.1397	3.96992
28.1465	3.97102
28.1546	3.97319
28.1641	3.97402
28.1791	3.97568
28.1886	3.97721
28.2001	3.97814
28.2293	3.97876
28.2316	3.98242
28.2431	3.98334
28.2723	3.98396
28.2867	3.9865
28.3063	3.98799
28.3226	3.99232
28.3366	3.99299
28.3636	3.99302
28.3697	3.99458
28.3725	3.9964
28.3777	3.9964
28.3818	3.99739
28.3858	3.99782
28.4067	4.00015
28.4179	4.00135
28.4264	4.00387
28.4514	4.0045
28.4536	4.0057
28.4687	4.0063
28.4693	4.00908
28.4898	4.00966
28.493	4.01205
28.5157	4.01352
28.526	4.01362
28.5341	4.01419
28.5427	4.01461
28.5586	4.01872
28.5777	4.01935
28.5981	4.02176
28.6055	4.0226
28.6275	4.02579
28.641	4.02696
28.6452	4.02709
28.6775	4.03238
28.7074	4.03303
28.7345	4.03661
28.7447	4.03706
28.7705	4.04002
28.7793	4.04134
28.8154	4.0453
28.849	4.04607
28.8496	4.0461
28.861	4.0463
28.8615	4.04992
28.8899	4.05046
28.9077	4.05103
28.9169	4.05515
28.924	4.05718
28.928	4.05734
28.9361	4.05931
28.9602	4.06114
28.9709	4.06254
29.0052	4.06265
29.0116	4.06408
29.0152	4.06848
29.0483	4.06855
29.0543	4.06925
29.0601	4.07065
29.0687	4.07302
29.0759	4.07311
29.0905	4.07321
29.0925	4.07379
29.1018	4.07497
29.1125	4.07688
29.1189	4.07831
29.1411	4.08094
29.1555	4.08208
29.1773	4.0849
29.192	4.08586
29.1952	4.08657
29.1984	4.08729
29.1997	4.08803
29.2194	4.08881
29.2243	4.08915
29.235	4.09106
29.2382	4.09178
29.2427	4.09323
29.2779	4.09626
29.2907	4.09793
29.2965	4.09837
29.315	4.10115
29.3599	4.10584
29.3631	4.10585
29.4029	4.11105
29.4416	4.11229
29.4578	4.11581
29.4685	4.11773
29.4962	4.11815
29.5046	4.12169
29.5114	4.12293
29.5391	4.1245
29.5476	4.12689
29.5839	4.12689
29.5909	4.1319
29.6132	4.13356
29.62	4.13481
29.6271	4.13586
29.6561	4.13877
29.6759	4.13982
29.6959	4.14248
29.7296	4.14381
29.7321	4.14644
29.7389	4.14768
29.7621	4.14821
29.7763	4.14929
29.7924	4.15222
29.7977	4.15311
29.8149	4.15326
29.8286	4.15618
29.854	4.15855
29.8623	4.15883
29.8647	4.16014
29.9042	4.16116
29.9058	4.16524
29.9116	4.16569
29.9262	4.16668
29.9433	4.16685
29.9451	4.16927
29.9634	4.16719
29.9733	4.17202
30.0005	4.17353
30.0032	4.17435
30.0144	4.17713
30.0283	4.17942
30.0457	4.17994
30.0505	4.18109
30.0926	4.18549
30.1229	4.189
30.1446	4.18952
30.1542	4.19182
30.1591	4.19297
30.226	4.19327
30.2266	4.19974
30.2331	4.2012
30.2415	4.20139
30.2602	4.20176
30.2732	4.20181
30.2961	4.2025
30.2969	4.2045
30.2989	4.20766
30.317	4.20787
30.3316	4.21277
30.3675	4.21599
30.4007	4.21657
30.4037	4.21995
30.4263	4.22142
30.4693	4.22663
30.4951	4.22726
30.5055	4.23059
30.5122	4.23183
30.5392	4.2325
30.5484	4.23579
30.5711	4.23726
30.597	4.23777
30.5995	4.23902
30.6208	4.24371
30.6441	4.24574
30.6555	4.24643
30.657	4.24767
30.6849	4.24914
30.6984	4.25163
30.7217	4.25414
30.7346	4.25458
30.7421	4.25732
30.7655	4.25955
30.7708	4.25955
30.78	4.26073
30.785	4.26252
30.8151	4.26261
30.8159	4.26654
30.8305	4.26747
30.8813	4.26825
30.8855	4.27092
30.8882	4.27447
30.9107	4.27176
30.9239	4.27564
30.924	4.27712
30.9352	4.27737
30.967	4.28232
30.9864	4.2829
31.0101	4.28403
31.0146	4.28475
31.0242	4.28665
31.0285	4.28681
31.0437	4.28925
31.0923	4.29159
31.1095	4.29185
31.117	4.29393
31.1204	4.29715
31.1312	4.29874
31.1639	4.29948
31.1673	4.3027
31.1928	4.30507
31.2035	4.30666
31.2364	4.30832
31.2397	4.31062
31.2725	4.31228
31.2759	4.31458
31.3096	4.31722
31.3121	4.31854
31.3309	4.32192
31.367	4.32249
31.3716	4.32252
31.3786	4.32434
31.3951	4.32805
31.4104	4.33089
31.4219	4.33182
31.4313	4.33201
31.4418	4.33281
31.4749	4.33597
31.4792	4.33442
31.493	4.33834
31.5118	4.34172
31.5503	4.34469
31.5659	4.34587
31.5706	4.34555
31.5865	4.34865
31.6064	4.35137
31.6262	4.35314
31.6377	4.35418
31.6518	4.35485
31.6521	4.35532
31.6566	4.35756
31.6739	4.35814
31.6883	4.35928
31.695	4.36053
31.7101	4.3621
31.7312	4.36449
31.7348	4.36502
31.7539	4.36596
31.7638	4.36792
31.7678	4.36826
31.7745	4.3695
31.7968	4.37116
31.8036	4.37241
31.8107	4.37346
31.8278	4.37465
31.8398	4.37637
31.8593	4.37798
31.8707	4.37985
31.8795	4.38086
31.8807	4.3818
31.8969	4.38185
31.9185	4.38323
31.9236	4.387
31.9483	4.38825
31.9495	4.38919
31.9634	4.38982
31.9666	4.39221
31.9925	4.39407
32.0031	4.39598
32.0425	4.40066
32.0461	4.40118
32.0751	4.40409
32.1214	4.40455
32.1302	4.40482
32.1436	4.40902
32.1547	4.41306
32.2164	4.41377
32.2166	4.41754
32.2347	4.41913
32.2753	4.42254
32.3085	4.42143
32.3152	4.42327
32.3175	4.42666
32.3252	4.42942
32.3648	4.43192
32.3706	4.43366
32.3711	4.43377
32.3798	4.43551
32.3976	4.43734
32.4217	4.43822
32.4227	4.44072
32.4337	4.4413
32.4507	4.44233
32.4646	4.44342
32.4721	4.44615
32.5076	4.44862
32.515	4.45135
32.5473	4.45311
32.558	4.45656
32.6125	4.45753
32.6192	4.46114
32.6236	4.46324
32.6491	4.46547
32.6665	4.46844
32.687	4.46902
32.7232	4.47298
32.7264	4.47537
32.74	4.47636
32.7692	4.47698
32.7732	4.47703
32.7831	4.47807
32.7939	4.48131
32.8187	4.48198
32.838	4.48283
32.8425	4.48645
32.8617	4.48719
32.8764	4.49121
32.9046	4.49239
32.9138	4.49399
32.9403	4.49674
32.9674	4.50111
32.9953	4.50408
33.018	4.50555
33.0276	4.50631
33.0469	4.51009
33.0596	4.51021
33.0609	4.51075
33.085	4.51258
33.1039	4.51596
33.1404	4.51973
33.1588	4.52072
33.1645	4.52156
33.1695	4.52264
33.1763	4.52388
33.1834	4.52493
33.2124	4.52784
33.2441	4.52956
33.2699	4.53059
33.2721	4.53117
33.2736	4.53148
33.2871	4.53477
33.2935	4.535
33.3125	4.53978
33.3314	4.54071
33.3487	4.54374
33.3666	4.54374
33.3794	4.5454
33.3885	4.54559
33.402	4.54688
33.4223	4.55061
33.4469	4.55218
33.4655	4.55232
33.4669	4.55327
33.468	4.55457
33.4836	4.55575
33.4879	4.55728
33.5084	4.55752
33.5184	4.56
33.538	4.56009
33.5551	4.56029
33.558	4.56367
33.5674	4.56626
33.6043	4.57041
33.619	4.57066
33.6498	4.57536
33.6858	4.57613
33.6994	4.57664
33.7001	4.5799
33.71	4.58056
33.7193	4.58155
33.7363	4.58386
33.7741	4.58397
33.7784	4.58777
33.8093	4.59098
33.8146	4.59173
33.8264	4.59343
33.8343	4.5949
33.8375	4.59562
33.8637	4.59912
33.8773	4.60011
33.9005	4.60214
33.922	4.60249
33.9276	4.6071
33.9678	4.60435
33.9722	4.60761
33.9759	4.60925
33.9787	4.6102
33.9962	4.61298
34.0085	4.61496
34.0137	4.61496
34.0258	4.61554
34.0511	4.61774
34.0618	4.61965
34.0876	4.6224
34.0982	4.62346
34.1047	4.62486
34.1274	4.62633
34.1306	4.62672
34.1343	4.62742
34.1392	4.62857
34.1413	4.62863
34.1596	4.62962
34.1703	4.63154
34.1842	4.63383
34.1957	4.63476
34.2062	4.63495
34.2133	4.63674
34.2322	4.63771
34.2412	4.63971
34.2617	4.64196
34.2791	4.64326
34.2836	4.6433
34.284	4.6444
34.2928	4.64572
34.3011	4.64664
34.3153	4.64722
34.3276	4.6486
34.3407	4.64959
34.3426	4.6498
34.3492	4.64998
34.3514	4.65118
34.3667	4.65332
34.3705	4.6538
34.3854	4.65393
34.3881	4.65475
34.3909	4.65753
34.4096	4.65852
34.4135	4.659
34.4232	4.65951
34.4319	4.65967
34.4336	4.6597
34.4365	4.66029
34.4397	4.66101
34.4458	4.66248
34.4565	4.6642
34.4827	4.66621
34.4994	4.66941
34.5256	4.67141
34.5288	4.67212
34.5392	4.6739
34.5596	4.67436
34.5646	4.67627
34.5718	4.67733
34.5789	4.67838
34.598	4.67933
34.6012	4.68004
34.6115	4.68182
34.6303	4.68262
34.6377	4.68382
34.6409	4.68453
34.6441	4.68525
34.6682	4.68624
34.67	4.68711
34.6807	4.68902
34.7091	4.68915
34.7108	4.68946
34.7223	4.68968
34.7236	4.69422
34.7521	4.69435
34.7818	4.69738
34.7871	4.69911
34.8082	4.70008
34.8326	4.70406
34.8431	4.70425
34.861	4.70577
34.8955	4.70587
34.8991	4.70746
34.9028	4.70901
34.9039	4.71097
34.9157	4.71111
34.9205	4.71129
34.9477	4.71371
34.9515	4.71693
34.9741	4.7184
34.9835	4.71953
35.0013	4.72082
35.0049	4.72335
35.0171	4.7236
35.029	4.72448
35.0397	4.72508
35.0415	4.72603
35.0478	4.72855
35.0601	4.72881
35.0816	4.73184
35.0908	4.73376
35.1256	4.73548
35.1262	4.73599
35.1363	4.73871
35.1496	4.73919
35.1686	4.74069
35.1869	4.74315
35.1926	4.74439
35.2191	4.74644
35.2298	4.74835
35.2481	4.74966
35.2647	4.74981
35.2728	4.75356
35.302	4.75418
35.3233	4.758
35.3556	4.76129
35.3663	4.76321
35.393	4.76408
35.4092	4.76841
35.4466	4.77119
35.4573	4.77311
35.4842	4.77361
35.492	4.77732
35.5002	4.77831
35.511	4.77904
35.5282	4.78128
35.5508	4.78275
35.554	4.78425
35.5797	4.78728
35.5938	4.78795
35.602	4.78895
35.6367	4.79316
35.6729	4.79712
35.6847	4.79785
35.6955	4.79859
35.7091	4.80108
35.7162	4.80213
35.7277	4.80306
35.7385	4.8038
35.7732	4.80801
35.7814	4.809
35.8036	4.81072
35.8179	4.81123
35.8199	4.81197
35.8251	4.81216
35.8388	4.81222
35.8466	4.81593
35.8561	4.81593
35.8609	4.81797
35.9015	4.82069
35.9122	4.82261
35.9154	4.82332
35.9333	4.82344
35.9484	4.82656
35.9551	4.82781
35.9646	4.82781
35.9846	4.83052
35.9917	4.83158
35.9949	4.8323
36.014	4.83324
36.0347	4.83678
36.0512	4.8372
36.0569	4.83845
36.081	4.83921
36.0884	4.84272
36.0999	4.84365
36.122	4.8439
36.127	4.8449
36.1355	4.8449
36.1364	4.84742
36.1371	4.84761
36.1794	4.85262
36.2412	4.85338
36.2513	4.85366
36.2596	4.85465
36.2658	4.85875
36.2812	4.8617
36.2876	4.86313
36.3195	4.86614
36.3242	4.8669
36.3606	4.8696
36.3671	4.87211
36.3703	4.87282
36.4	4.87459
36.4068	4.87737
36.4393	4.87793
36.4498	4.8818
36.491	4.88449
36.4929	4.88504
36.5036	4.88695
36.5118	4.88795
36.5365	4.88944
36.5465	4.89216
36.582	4.89439
36.5839	4.89494
36.5946	4.89685
36.6375	4.90206
36.6483	4.9028
36.6773	4.90655
36.6913	4.908
36.717	4.91103
36.7285	4.91196
36.7393	4.9127
36.7732	4.91408
36.774	4.91691
36.7823	4.9179
36.808	4.92093
36.8549	4.92409
36.8701	4.9263
36.8758	4.92755
36.9106	4.92827
36.913	4.93151
36.9187	4.93275
36.9536	4.93347
36.956	4.93671
36.9914	4.93894
37.0015	4.94166
37.0355	4.94569
37.0495	4.94635
37.0578	4.94735
37.0761	4.94765
37.0924	4.95156
37.1279	4.95379
37.1413	4.95451
37.1584	4.95638
37.1802	4.96152
37.1942	4.9622
37.2686	4.96436
37.2705	4.96742
37.2748	4.97009
37.277	4.97111
37.3045	4.97187
37.3146	4.97458
37.3199	4.97631
37.3543	4.97907
37.3654	4.98126
37.3758	4.98225
37.3945	4.98305
37.4052	4.98496
37.421	4.9852
37.4414	4.98892
37.4481	4.99017
37.464	4.9904
37.4672	4.9919
37.4843	4.99413
37.4879	4.99466
37.507	4.9956
37.5101	4.9971
37.5205	4.99809
37.5276	4.99914
37.5431	4.99956
37.5499	5.0008
37.5531	5.00152
37.5638	5.0031
37.5828	5.00329
37.5861	5.00476
37.5897	5.00529
37.5929	5.00601
37.6187	5.00787
37.6223	5.00872
37.6255	5.00944
37.629	5.00997
37.6326	5.0105
37.6517	5.01144
37.6581	5.01287
37.6652	5.01393
37.6724	5.01498
37.6857	5.01547
37.6946	5.01664
37.6978	5.01736
37.7086	5.01894
37.7344	5.02113
37.7376	5.02185
37.7447	5.0229
37.7635	5.02371
37.7716	5.02587
37.7773	5.02634
37.8171	5.03082
37.8646	5.03253
37.934	5.03533
37.9458	5.03522
37.9574	5.03591
37.9795	5.04028
37.9873	5.03794
37.9922	5.04784
38.0397	5.04838
38.1022	5.05534
38.1144	5.05777
38.1506	5.06173
38.1652	5.06307
38.1835	5.06863
38.2011	5.06888
38.2189	5.07018
38.2197	5.07259
38.303	5.07401
38.3034	5.07483
38.3037	5.07805
38.3485	5.07938
38.3892	5.08051
38.3918	5.08126
38.3933	5.08999
38.411	5.09228
38.456	5.09571
38.5015	5.10183
38.5019	5.10187
38.5763	5.10359
38.5907	5.10392
38.6241	5.10724
38.6363	5.10902
38.6382	5.11625
38.6731	5.11644
38.7124	5.11898
38.7221	5.12263
38.7634	5.12436
38.7687	5.12641
38.7769	5.12857
38.7983	5.12938
38.8026	5.13099
38.817	5.13148
38.8224	5.13352
38.8532	5.13544
38.8586	5.13748
38.8679	5.13847
38.8842	5.13978
38.9032	5.14002
38.9041	5.14243
38.9309	5.14367
38.9389	5.14456
38.9391	5.14584
38.9793	5.15002
38.9846	5.15079
39.0196	5.15419
39.0248	5.15497
39.0473	5.15938
39.0751	5.16188
39.1042	5.16276
39.1281	5.16626
39.1404	5.16672
39.1407	5.16856
39.1793	5.16907
39.1836	5.17376
39.2128	5.17377
39.2478	5.17632
39.256	5.18168
39.3014	5.18343
39.3147	5.18434
39.3479	5.1859
39.3497	5.18774
39.3952	5.19269
39.4517	5.19801
39.493	5.19984
39.4953	5.20135
39.5015	5.20637
39.5322	5.20637
39.5456	5.20658
39.5461	5.20802
39.551	5.20863
39.5551	5.20884
39.5815	5.20921
39.5916	5.21282
39.624	5.21342
39.628	5.21898
39.6566	5.22001
39.6672	5.22184
39.6826	5.22287
39.7126	5.22663
39.7208	5.22896
39.729	5.23128
39.765	5.23556
39.7745	5.23607
39.8199	5.24086
39.854	5.24505
39.9101	5.24762
39.9192	5.25191
39.9494	5.25267
39.9885	5.25293
40.018	5.25615
40.0341	5.25758
40.0489	5.2576
40.063	5.2581
40.0673	5.25976
40.079	5.26227
40.0926	5.26962
40.1723	5.27152
40.1725	5.27304
40.1938	5.27403
40.2087	5.27433
40.2166	5.27621
40.2185	5.27972
40.2219	5.2808
40.2285	5.28227
40.2686	5.28458
40.3078	5.28552
40.3132	5.286
40.3173	5.28621
40.3184	5.28677
40.3225	5.28699
40.343	5.28971
40.3535	5.29017
40.3575	5.29039
40.3584	5.29565
40.434	5.29853
40.4389	5.30401
40.456	5.30702
40.484	5.31046
40.5015	5.31197
40.5652	5.31446
40.568	5.31538
40.5926	5.32234
40.6204	5.32484
40.6239	5.32537
40.6501	5.3257
40.6598	5.32586
40.6671	5.32729
40.6753	5.32961
40.686	5.33152
40.6892	5.33223
40.7289	5.33672
40.7676	5.34027
40.7744	5.34152
40.7877	5.34216
40.8013	5.34464
40.8084	5.3457
40.8307	5.34736
40.8678	5.35069
40.8736	5.35256
40.8901	5.35445
40.9102	5.35634
40.9503	5.35647
40.9532	5.36154
41.004	5.36359
41.0125	5.36653
41.0554	5.37174
41.1125	5.37374
41.1364	5.37421
41.1372	5.37798
41.1617	5.3783
41.1733	5.38194
41.2046	5.38351
41.2273	5.38379
41.2322	5.38571
41.2602	5.38782
41.2931	5.39366
41.3097	5.39632
41.361	5.39838
41.3967	5.39884
41.3971	5.40178
41.3972	5.40234
41.4146	5.40549
41.4373	5.40596
41.4399	5.40654
41.4425	5.40673
41.4508	5.40945
41.4882	5.41411
41.525	5.4157
41.5349	5.41594
41.5375	5.41762
41.5754	5.41762
41.5789	5.41834
41.6015	5.42209
41.6109	5.42611
41.6445	5.42729
41.6556	5.42792
41.6732	5.42853
41.6781	5.43152
41.7178	5.436
41.7279	5.43887
41.7691	5.43897
41.7728	5.43999
41.7809	5.44042
41.7927	5.44528
41.8094	5.44232
41.8102	5.45124
41.8936	5.45252
41.8988	5.45329
41.9085	5.45425
41.9281	5.45605
41.9447	5.45821
41.9466	5.46562
41.9748	5.46571
41.9946	5.4682
42.044	5.47029
42.0654	5.47074
42.0751	5.47656
42.1105	5.47742
42.135	5.47959
42.1517	5.48412
42.2184	5.4853
42.2237	5.48607
42.2289	5.48684
42.2558	5.48808
42.2578	5.49504
42.2731	5.4956
42.2737	5.49796
42.3579	5.49806
42.3645	5.50031
42.3647	5.50081
42.3651	5.50927
42.4421	5.50937
42.4448	5.51149
42.4545	5.51188
42.4669	5.51991
42.5006	5.52035
42.5098	5.52511
42.5757	5.52537
42.576	5.52859
42.5855	5.53067
42.5974	5.53242
42.6296	5.53571
42.6403	5.53762
42.6656	5.54053
42.6769	5.5414
42.6833	5.54282
42.7186	5.5449
42.7287	5.54762
42.7628	5.5518
42.7742	5.55241
42.785	5.55346
42.828	5.55866
42.8651	5.56199
42.8759	5.56305
42.8945	5.56471
42.9075	5.56764
42.9189	5.56825
42.9555	5.56985
42.956	5.57158
42.9921	5.57554
42.9984	5.57723
43.0469	5.58117
43.0823	5.5834
43.083	5.58513
43.1629	5.58713
43.1816	5.58958
43.2107	5.58973
43.2113	5.59164
43.217	5.59166
43.2192	5.59496
43.2352	5.59505
43.2414	5.59584
43.2524	5.5991
43.2726	5.59948
43.2864	5.60334
43.318	5.60396
43.3383	5.6095
43.3484	5.60685
43.3486	5.61007
43.3555	5.6142
43.413	5.6191
43.4559	5.6243
43.5041	5.62783
43.5299	5.62969
43.5354	5.63328
43.5577	5.63494
43.6006	5.64014
43.6846	5.64378
43.7175	5.64447
43.7259	5.64466
43.7275	5.64898
43.7689	5.64987
43.7741	5.65785
43.8185	5.65888
43.8639	5.66336
43.9013	5.66661
43.9094	5.66883
43.9449	5.67086
43.955	5.67373
43.9947	5.67822
44.0349	5.67841
44.0377	5.68099
44.0568	5.68437
44.0913	5.68811
44.1531	5.689
44.1557	5.6931
44.1719	5.6933
44.1723	5.69561
44.2052	5.69577
44.2055	5.69582
44.2178	5.70056
44.2464	5.70175
44.2604	5.70323
44.2639	5.70787
44.309	5.71109
44.3634	5.71451
44.3669	5.71803
44.4099	5.72323
44.4504	5.72472
44.4553	5.72771
44.5033	5.73241
44.5414	5.73345
44.5463	5.73761
44.5652	5.73765
44.5909	5.73926
44.6264	5.74123
44.6635	5.74593
44.6948	5.74972
44.7123	5.75164
44.7327	5.75493
44.7567	5.75934
44.762	5.76131
44.8018	5.7658
44.8244	5.76728
44.8308	5.7687
44.8567	5.77056
44.8674	5.77248
44.8706	5.77319
44.9103	5.77768
44.9326	5.77934
44.9381	5.78018
44.9469	5.78146
44.9608	5.78165
44.9691	5.78312
44.9827	5.7856
44.9898	5.78666
45.0037	5.78686
45.0121	5.78832
45.0331	5.78957
45.0467	5.79206
45.055	5.79352
45.0761	5.79478
45.0916	5.7973
45.1055	5.79749
45.119	5.79998
45.1262	5.80104
45.1346	5.8025
45.1484	5.8027
45.1733	5.80514
45.1914	5.8079
45.2275	5.809
45.2279	5.81167
45.2709	5.81688
45.3466	5.81835
45.3577	5.82022
45.3642	5.82341
45.4048	5.82538
45.4219	5.82724
45.4437	5.83239
45.4577	5.83306
45.4831	5.8332
45.5007	5.83826
45.5826	5.84906
45.6659	5.85048
45.6718	5.85147
45.6731	5.85173
45.701	5.85607
45.7166	5.85575
45.7282	5.86301
45.7737	5.86796
45.8189	5.87218
45.8218	5.87313
45.8648	5.87833
45.8926	5.88083
45.9045	5.88282
45.9475	5.8856
45.9582	5.88751
45.9943	5.89147
46.0011	5.89271
46.0373	5.89667
46.0466	5.8975
46.0735	5.90063
46.0806	5.90169
46.1029	5.90335
46.1458	5.90855
46.1853	5.90999
46.2215	5.91395
46.2254	5.91753
46.2617	5.91813
46.267	5.9189
46.302	5.9223
46.3405	5.92511
46.3422	5.92648
46.3475	5.92725
46.3877	5.93143
46.4229	5.93207
46.4289	5.93542
46.4552	5.93536
46.4684	5.93702
46.4886	5.93842
46.4914	5.93932
46.5033	5.94319
46.5336	5.94397
46.5417	5.94433
46.5423	5.94478
46.5559	5.94563
46.5745	5.94882
46.592	5.95502
46.6399	5.9594
46.6829	5.96461
46.7377	5.9648
46.7581	5.96916
46.7806	5.97
46.8081	5.97251
46.8172	5.97378
46.8231	5.97409
46.8511	5.97433
46.8537	5.97761
46.8634	5.97891
46.8661	5.97929
46.8953	5.97991
46.9026	5.98306
46.909	5.98449
46.9382	5.98511
46.9596	5.98894
46.9892	5.98995
46.9958	5.99017
46.9969	5.99172
47.0025	5.99414
47.0353	5.99526
47.0399	5.99692
47.0423	6.00066
47.0908	6.00366
47.0935	6.00404
47.11	6.00465
47.126	6.00461
47.1266	6.00716
47.1435	6.00728
47.1843	6.01331
47.1845	6.01394
47.1926	6.0143
47.204	6.01618
47.2273	6.01851
47.2601	6.02008
47.2627	6.02075
47.273	6.02409
47.3056	6.02503
47.3291	6.02915
47.3459	6.02921
47.3514	6.02939
47.3664	6.03194
47.369	6.03349
47.372	6.03435
47.4094	6.03714
47.412	6.03869
47.4201	6.03905
47.445	6.04181
47.463	6.04425
47.4915	6.04767
47.5055	6.04834
47.5344	6.05287
47.5484	6.05354
47.5565	6.0539
47.5995	6.0591
47.628	6.06252
47.6583	6.06317
47.6813	6.06324
47.6932	6.06526
47.7012	6.06837
47.7245	6.07303
47.7385	6.0737
47.7791	6.07566
47.7815	6.0789
47.818	6.08268
47.8214	6.08324
47.8533	6.08626
47.8545	6.08651
47.861	6.08788
47.8644	6.08844
47.875	6.08855
47.8974	6.09091
47.8999	6.09131
47.9041	6.09215
47.9416	6.09376
47.9471	6.09735
47.9549	6.09894
47.9693	6.09901
47.9833	6.10131
48.0059	6.10279
48.0243	6.10345
48.0382	6.10607
48.0421	6.10675
48.0464	6.1084
48.0747	6.10985
48.0783	6.11071
48.0854	6.11176
48.0886	6.11248
48.0918	6.11319
48.1284	6.11697
48.1316	6.11768
48.1373	6.11798
48.1479	6.11825
48.1506	6.11863
48.1642	6.12111
48.1713	6.12217
48.1827	6.12278
48.1911	6.12424
48.22	6.12525
48.2301	6.1276
48.2365	6.12903
48.2622	6.13175
48.2731	6.13281
48.2763	6.13352
48.303	6.13508
48.3094	6.13586
48.3102	6.13614
48.3134	6.13685
48.3161	6.13801
48.3388	6.13922
48.3531	6.14134
48.3754	6.143
48.3786	6.14371
48.4151	6.14749
48.4183	6.1482
48.4549	6.15198
48.4581	6.15269
48.4914	6.15581
48.4979	6.15718
48.5368	6.16061
48.6203	6.16112
48.6257	6.16417
48.668	6.1643
48.6695	6.16693
48.7052	6.17315
48.7232	6.1742
48.7555	6.17733
48.7685	6.17862
48.8211	6.1795
48.8452	6.18249
48.8534	6.18481
48.8747	6.1908
48.8783	6.19333
48.9004	6.19895
48.9843	6.20045
49.0068	6.20368
49.0213	6.20378
49.0327	6.20439
49.0402	6.20721
49.0721	6.2087
49.0767	6.2129
49.108	6.21451
49.1345	6.21503
49.1459	6.21564
49.1526	6.21705
49.1594	6.21747
49.1602	6.21775
49.1774	6.22023
49.1869	6.22086
49.1929	6.22123
49.196	6.2219
49.2031	6.22296
49.2162	6.22481
49.2651	6.22911
49.2683	6.22982
49.3049	6.23359
49.3081	6.23448
49.3479	6.2388
49.3526	6.23919
49.3868	6.24222
49.3898	6.24375
49.398	6.24414
49.4021	6.24705
49.4392	6.25169
49.4485	6.25441
49.4753	6.25565
49.4835	6.25781
49.5237	6.26199
49.529	6.26276
49.587	6.26442
49.595	6.26762
49.6367	6.27087
49.6406	6.27154
49.6486	6.27474
49.6658	6.27673
49.6848	6.2787
49.69	6.27947
49.7237	6.28104
49.7358	6.28293
49.756	6.28433
49.7599	6.285
49.805	6.2857
49.8071	6.28712
49.8174	6.28835
49.8232	6.2905
49.8458	6.29541
49.8591	6.29631
49.898	6.29671
49.9037	6.29885
49.9396	6.30467
49.9852	6.30932
50.0139	6.30956
50.0416	6.31494
50.0604	6.3172
50.1221	6.32329
50.201	6.32364
50.2142	6.32376
50.216	6.33186
50.2805	6.33262
50.2958	6.33368
50.3065	6.33616
50.3305	6.33664
50.3349	6.34055
50.3664	6.34246
50.3743	6.34642
50.3961	6.35064
50.4066	6.35219
50.4416	6.35559
50.4468	6.35636
50.4523	6.35655
50.4819	6.35977
50.4871	6.36054
50.4978	6.3615
50.5274	6.36472
50.5329	6.3649
50.5783	6.36985
50.6618	6.37369
50.6692	6.37928
50.7159	6.38235
50.7286	6.3856
50.79	6.38656
50.8026	6.38903
50.8092	6.39396
50.8395	6.39424
50.8524	6.3972
50.8628	6.39875
50.871	6.39918
50.8897	6.39999
50.8979	6.40215
50.9381	6.40633
50.9433	6.4071
50.9537	6.40818
50.9797	6.40869
50.9836	6.41128
50.998	6.41257
51.0342	6.41653
51.0722	6.41861
51.0745	6.42071
51.0797	6.42148
51.099	6.42216
51.1206	6.42223
51.1258	6.42572
51.1727	6.42773
51.1972	6.42959
51.2171	6.43504
51.2354	6.43654
51.2627	6.43969
51.2735	6.44065
51.2758	6.44159
51.3003	6.44189
51.3085	6.44405
51.334	6.44462
51.3366	6.44615
51.354	6.449
51.3823	6.45046
51.3971	6.45227
51.4106	6.45403
51.4199	6.45502
51.4375	6.45527
51.4468	6.45626
51.4479	6.45682
51.4549	6.45842
51.4561	6.45914
51.4654	6.45997
51.483	6.46022
51.487	6.46044
51.4911	6.46239
51.5004	6.46338
51.5016	6.46393
51.5057	6.46415
51.5097	6.46436
51.5285	6.46517
51.5325	6.46539
51.5366	6.46733
51.5418	6.46811
51.5459	6.46832
51.5563	6.4694
51.5739	6.46996
51.5769	6.47151
51.5821	6.47229
51.5992	6.4732
51.6158	6.47386
51.6224	6.47646
51.6379	6.47831
51.6648	6.47955
51.673	6.48171
51.7029	6.48482
51.7132	6.48589
51.7184	6.48666
51.7431	6.48899
51.7587	6.49084
51.7834	6.49317
51.8091	6.49385
51.813	6.49452
51.8236	6.49735
51.8453	6.49781
51.8624	6.49872
51.8639	6.50152
51.8908	6.50276
51.8989	6.50493
51.9299	6.50638
51.9392	6.5091
51.9444	6.50988
51.9701	6.51056
52.0039	6.51225
52.0399	6.51321
52.0893	6.51918
52.1125	6.52413
52.1662	6.53009
52.1978	6.53106
52.2371	6.53241
52.2529	6.53592
52.2651	6.53657
52.3035	6.53724
52.3134	6.54205
52.349	6.54219
52.363	6.54711
52.3929	6.55103
52.4127	6.55266
52.422	6.55393
52.481	6.5592
52.5213	6.56454
52.5469	6.56581
52.5588	6.5679
52.5872	6.56999
52.6957	6.58187
52.7321	6.58526
52.742	6.58805
52.869	6.59922
52.9065	6.60258
52.9508	6.60833
53.0151	6.61446
53.0946	6.62344
53.3901	6.63087
53.4122	6.63903
53.449	6.64781
53.569	6.64801
53.5854	6.66219
53.7085	6.66552
53.7447	6.66948
53.754	6.67047
53.7622	6.67264
53.7902	6.67443
53.7944	6.67593
53.8076	6.67759
53.8244	6.67925
53.8306	6.67989
53.8438	6.68155
53.8481	6.68304
53.8814	6.68611
53.8936	6.68799
53.9137	6.6894
53.9176	6.69007
53.9269	6.69106
53.9673	6.69651
54.1813	6.70086
54.3627	6.70468
54.4956	6.73247
54.6475	6.76312
54.8777	6.76531
54.9144	6.77122
54.9665	6.78144
55.1559	6.79673
55.1889	6.81814
55.2292	6.82232
55.3403	6.8329
55.508	6.83526
55.5366	6.84639
55.6332	6.86088
55.6827	6.86425
55.6971	6.86444
55.8292	6.86852
55.8329	6.86988
55.8421	6.87057
55.8729	6.88504
55.9174	6.89884
55.9979	6.9072
56.0715	6.89991
56.0993	6.91864
56.1798	6.927
56.2669	6.93706
56.386	6.94417
56.4879	6.96012
56.5418	6.96298
56.6305	6.9754
56.7139	6.9808
56.8332	6.98595
56.8808	6.99885
56.9103	7.00396
56.915	7.00429
56.9506	7.00813
57.0246	7.01109
57.0604	7.01691
57.1022	7.02487
57.1424	7.02904
57.2229	7.0374
57.4481	7.04796
57.5955	7.0541
57.7572	7.05635
57.8172	7.07291
57.8576	7.07837
57.9686	7.07763
57.9763	7.09175
58.0117	7.09957
58.0321	7.09966
58.1325	7.11211
58.2077	7.11874
58.2595	7.12102
58.2653	7.12544
58.2841	7.12884
58.4506	7.13916
58.499	7.14355
58.5337	7.14717
58.5424	7.15387
58.5689	7.16018
58.6491	7.16609
58.7182	7.16988
58.7403	7.17517
58.7806	7.17934
58.8209	7.18352
58.8657	7.18804
58.906	7.19221
58.9712	7.19243
58.9761	7.19337
58.9782	7.19582
59.0298	7.20685
59.0483	7.20827
59.0529	7.20861
59.1489	7.21434
59.1701	7.21496
59.1741	7.21654
59.2101	7.2212
59.2663	7.23029
59.3133	7.23352
59.361	7.23568
59.3851	7.23636
59.3979	7.24098
59.4419	7.2419
59.4428	7.2455
59.4911	7.24975
59.493	7.25042
59.5136	7.25285
59.5583	7.25608
59.6085	7.25968
59.619	7.26293
59.6682	7.26298
59.6915	7.27055
59.7049	7.27176
59.7452	7.27594
59.778	7.27655
59.7891	7.27723
59.8696	7.28559
59.8949	7.28862
59.9278	7.29093
59.9523	7.29487
59.9605	7.29517
60.0057	7.30216
60.0625	7.30448
60.0807	7.3072
60.1099	7.31146
60.1488	7.31347
60.1786	7.31642
60.1839	7.31719
60.2241	7.32137
60.2293	7.32183
60.2695	7.32601
60.6589	7.33304
60.7394	7.34139
60.8289	7.35131
60.8482	7.34587
60.8834	7.35562
60.9639	7.36397
60.9791	7.36195
61.0116	7.3675
61.1029	7.37658
61.1834	7.38493
61.2283	7.38945
61.2636	7.39084
61.3082	7.39338
61.3752	7.40585
61.4511	7.41386
61.5933	7.4267
61.6281	7.43261
61.7402	7.44309
61.9998	7.45161
62.0275	7.46089
62.193	7.46871
62.2644	7.46962
62.2658	7.47661
62.3121	7.4785
62.3506	7.48826
62.4586	7.49308
62.5095	7.49936
62.5375	7.49988
62.5546	7.51017
62.6788	7.51673
62.6903	7.52806
62.7573	7.52918
62.7876	7.53248
62.7997	7.53641
62.8194	7.53693
62.8299	7.53742
62.8948	7.54671
62.9506	7.54995
62.9643	7.55592
63.0262	7.55902
63.0771	7.56386
63.0895	7.5645
63.0965	7.5669
63.1413	7.57134
63.1502	7.57402
63.2269	7.5773
63.2519	7.58292
63.2571	7.5843
63.2824	7.58645
63.3172	7.58864
63.3468	7.59417
63.3976	7.59545
63.4089	7.5971
63.4144	7.59749
63.4342	7.59756
63.4512	7.59779
63.4587	7.60264
63.5038	7.60626
63.51	7.61316
63.5789	7.61537
63.5824	7.62108
63.6679	7.62312
63.6723	7.62343
63.6852	7.62443
63.7008	7.62643
63.7081	7.62925
63.761	7.62925
63.8008	7.63603
63.8071	7.63711
63.8307	7.63898
63.8366	7.64143
63.8599	7.64333
63.895	7.64658
63.8953	7.64982
63.9356	7.654
63.9805	7.65851
64.0269	7.65875
64.04	7.66358
64.0592	7.66146
64.061	7.66687
64.1228	7.67053
64.1997	7.67416
64.2242	7.68198
64.2651	7.68429
64.275	7.6854
64.3047	7.69033
64.3781	7.69667
64.4795	7.70445
64.4801	7.70489
64.6633	7.72377
65.234	7.72743
65.3322	7.73206
65.439	7.74358
65.5184	7.74667
65.5725	7.74779
65.678	7.75786
65.7659	7.75446
65.7833	7.77715
65.894	7.7886
65.9582	7.78881
66.0118	7.79592
66.0259	7.79697
66.0521	7.8001
66.127	7.80045
66.1632	7.81005
66.2115	7.81553
66.2859	7.81788
66.38	7.81978
66.4028	7.82602
66.4055	7.83215
66.453	7.83795
66.4852	7.84347
66.5964	7.8438
66.601	7.85025
66.6068	7.85281
66.6244	7.85368
66.7399	7.86544
66.7854	7.87039
66.7936	7.87255
66.84	7.87562
66.8756	7.87946
66.8793	7.88168
66.9211	7.88441
67.0966	7.88632
67.2557	7.89844
67.715	7.91822
68.2258	7.92389
68.4049	7.96774
68.6458	7.97486
69.1912	7.98689
69.2373	7.99189
69.4187	8.01164
69.4525	8.01379
69.9831	8.01715
69.9864	8.01767
70.0227	8.02517
70.0235	8.02609
70.0343	8.02614
70.0546	8.04743
70.0638	8.03027
70.1025	8.07621
70.2801	8.07826
70.4529	8.08854
70.5046	8.09064
70.5495	8.10535
70.5982	8.10847
70.6765	8.09252
70.6864	8.10981
70.7884	8.10643
70.8479	8.1099
70.8853	8.11224
70.9054	8.11977
70.9235	8.13651
70.9757	8.12103
71.0219	8.13108
71.0626	8.13255
71.0979	8.1339
71.1046	8.13663
71.1393	8.13666
71.1775	8.13866
71.2137	8.14003
71.2281	8.1471
71.2401	8.14713
71.246	8.14826
71.2615	8.15049
71.2757	8.15097
71.2856	8.15208
71.316	8.15515
71.331	8.15672
71.3392	8.19861
71.6205	8.22587
72.3415	8.29447
73.0494	8.29473
73.1369	8.30028
73.394	8.30488
73.4474	8.30501
73.4584	8.30507
73.487	8.30884
73.4929	8.30996
73.4999	8.32194
73.5255	8.33104
73.6383	8.33506
73.6515	8.33933
73.697	8.34428
73.7611	8.35795
73.8669	8.35977
73.8977	8.36473
73.9014	8.36746
73.9388	8.37671
74.0222	8.37999
74.0524	8.38689
74.1464	8.39585
74.1555	8.39929
74.1885	8.40221
74.2422	8.40932
74.3571	8.42002
74.38	8.42186
74.4411	8.42582
74.4611	8.43034
74.5069	8.43382
74.539	8.43982
74.5738	8.44326
74.6075	8.44405
74.61	8.44722
74.6525	8.44999
74.6983	8.4523
74.7159	8.4528
74.7166	8.45413
74.7258	8.45632
74.7616	8.46214
74.8266	8.4646
74.8345	8.46979
74.8696	8.46981
74.8986	8.47214
74.9064	8.47798
74.935	8.47918
75.0143	8.48565
75.1051	8.48755
75.1115	8.48828
75.1426	8.49725
75.2032	8.50241
75.2837	8.51076
75.3032	8.51201
75.3077	8.51754
75.3825	8.51806
75.3852	8.51908
75.3973	8.51917
75.4078	8.52402
75.4116	8.52455
75.4388	8.52869
75.4922	8.5329
75.5578	8.53842
75.5939	8.54354
75.6174	8.54361
75.6227	8.54431
75.6682	8.54926
75.7487	8.55761
75.7617	8.55937
75.8364	8.56619
75.8655	8.56657
75.9205	8.56748
75.9374	8.57496
75.9577	8.57884
76.0273	8.58538
76.063	8.58922
76.3048	8.60497
76.3946	8.614
76.9928	8.61835
77.004	8.61935
77.0625	8.62296
77.0837	8.62794
77.14	8.63168
77.1802	8.63586
77.2168	8.64651
77.2973	8.65487
77.369	8.65732
77.4049	8.66017
77.4728	8.66399
77.5299	8.67531
77.6373	8.68491
77.6701	8.69251
77.7587	8.70217
77.8691	8.70328
77.9316	8.72066
78.0763	8.72581
78.1092	8.72878
78.1918	8.73757
78.2024	8.73821
78.2321	8.74175
78.2373	8.74252
78.3274	8.75003
78.4235	8.76039
78.5495	8.76499
78.7701	8.76939
78.795	8.78303
79.2258	8.81713
79.8017	8.82024
80.0428	8.84562
80.57	8.82842
81.6748	8.83936
81.7675	8.84372
81.9101	8.9503
82.0907	8.96642
82.1852	8.89993
82.3601	8.99351
82.405	9.00822
82.4665	9.0132
82.6178	9.02472
83.5188	9.03287
83.6197	9.04231
83.621	9.04405
84.2049	9.09927
84.6602	9.10183
84.9812	9.12013
85.1888	9.1317
85.2391	9.13546
85.2489	9.13864
85.3072	9.15482
85.3193	9.16041
85.4616	9.16802
85.5422	9.17637
85.5964	9.18931
85.6419	9.19426
85.6868	9.19878
85.8598	9.21143
86.1548	9.21286
86.2034	9.21755
86.3094	9.24516
86.5275	9.26911
86.6173	9.27814
86.8215	9.28357
86.9557	9.28853
86.9642	9.29023
86.989	9.29159
87.0048	9.29478
87.0579	9.30526
87.0735	9.31364
87.2196	9.31435
87.2283	9.31615
87.2606	9.31731
87.288	9.31779
87.2884	9.32051
87.3097	9.32103
87.3129	9.32111
87.3368	9.33244
87.4065	9.34352
87.5163	9.35305
87.5173	9.3541
87.6903	9.36202
87.7276	9.36767
87.8415	9.37816
87.8484	9.3802
88.0046	9.39362
88.0271	9.39673
88.118	9.40631
88.2535	9.40641
88.2799	9.41758
88.2941	9.42281
88.4007	9.43011
88.9215	9.43222
88.9742	9.43239
89.0361	9.43704
89.0423	9.44325
89.1445	9.44575
89.226	9.45266
89.2525	9.45492
89.2631	9.45992
89.3116	9.46862
89.3785	9.48595
89.5581	9.50401
89.7696	9.52009
89.8098	9.52427
89.9969	9.52902
90.0092	9.52907
90.0664	9.54007
90.387	9.57088
90.412	9.5794
90.9998	9.614
91.5794	9.62462
91.6278	9.63096
91.7856	9.64723
92.0343	9.66955
92.4071	9.68501
92.8846	9.70687
94.3042	9.81601
94.4784	9.71876
94.5529	9.83833
94.7009	9.76508
94.7542	9.85922
95.4658	9.84617
95.9272	9.89347
96.7719	9.90396
96.8406	9.92276
97.0905	9.93956
97.1172	9.94635
97.2458	9.97327
97.524	9.99559
97.5545	9.99915
97.7068	10.0151
98.7267	10.0272
98.8258	10.0393
98.8608	10.0436
101.143	10.0449
101.279	10.0584
101.37	10.0694
101.415	10.0739
101.471	10.0787
101.552	10.089
101.607	10.0941
101.817	10.1156
