0.0	10.1156
0.493856	10.065935000000001
0.558415	10.047974
0.573568	10.022528000000001
0.681112	10.005077
0.71696	9.999260000000001
0.987965	9.995954000000001
1.07387	9.98555
1.12631	9.966185000000001
1.30929	9.948364
1.34085	9.937725
1.36222	9.894554000000001
1.61316	9.853835
1.64901	9.848018
2.02169	9.830423
2.02196	9.827202
2.12207	9.811394
2.25842	9.749129
2.33012	9.737495000000001
2.36597	9.731678
2.40182	9.725861
3.0404	9.690903
3.05713	9.676865000000001
3.24377	9.652017
3.59695	9.628057
3.6589	9.599441
3.73167	9.52889
3.80077	9.518025000000002
4.44863	9.412550000000001
4.71964	9.409244000000001
5.02795	9.399773
5.23152	9.370721000000001
5.28346	9.318281
5.79526	9.314903000000001
5.94425	9.257626
5.96099	9.249631
6.16775	9.217139000000001
6.37607	9.176755
6.66586	9.148191
6.85384	9.144921
6.89679	9.139719000000001
6.92486	9.126903
7.02802	9.09342
7.23448	9.01632
7.73201	9.00004
7.8194	8.9998
7.99516	8.997060000000001
8.04021	8.92942
8.17714	8.8841
8.36171	8.80094
8.77633	8.73574
8.84544	8.72488
9.29662	8.71504
9.34401	8.71268
9.43439	8.65864
9.63383	8.65729
9.66354	8.63861
9.72003	8.62612
9.93363	8.617830000000001
9.95225	8.60726
10.1267	8.58289
10.1677	8.57863
10.2077	8.50383
10.3333	8.481
10.4253	8.468160000000001
10.4944	8.4573
10.9675	8.420670000000001
11.1701	8.4275
11.2473	8.33514
11.6981	8.332500000000001
11.7114	8.331850000000001
11.807	8.32341
11.8403	8.307680000000001
11.9274	8.30558
11.9943	8.29913
12.0195	8.278590000000001
12.0654	8.24887
12.145	8.270150000000001
12.3377	8.245040000000001
12.396	8.229190000000001
12.5562	8.196860000000001
12.5771	8.13817
12.6462	8.127310000000001
13.0151	8.12297
13.1506	8.11058
13.1969	8.1038
13.2564	8.090800000000002
13.2994	8.085600000000001
13.3635	8.07708
13.3761	8.074720000000001
13.5532	8.068810000000001
13.5605	8.065460000000002
13.589	8.032490000000001
13.7237	8.01895
13.7752	8.00346
13.8421	7.999090000000001
13.8443	7.992590000000001
13.9372	7.912940000000001
14.4706	7.87739
14.7971	7.873240000000001
14.8342	7.839040000000001
14.9431	7.754250000000001
14.9783	7.824680000000001
15.048	7.737570000000001
15.3811	7.73062
15.5015	7.6866200000000005
15.58	7.684950000000001
15.694	7.6546400000000006
15.7476	7.64752
15.931	7.634600000000001
16.0929	7.62227
16.123	7.597720000000001
16.2524	7.587010000000001
16.2839	7.576370000000001
16.494	7.56836
16.5679	7.565300000000001
16.5786	7.5627200000000006
16.6057	7.53368
16.6594	7.52657
16.8203	7.5052200000000004
16.9881	7.504090000000001
17.0331	7.494020000000001
17.1579	7.485000000000001
17.193	7.47925
17.2	7.475670000000001
17.2719	7.45673
17.3001	7.445180000000001
17.5577	7.43777
17.5732	7.42234
17.7317	7.41929
17.7749	7.416530000000001
17.7982	7.410490000000001
17.8203	7.40188
17.9276	7.403590000000001
17.945	7.39752
17.9706	7.37893
17.975	7.36932
18.1075	7.33446
18.3762	7.325840000000001
18.3921	7.321090000000001
18.4192	7.32063
18.5307	7.318620000000001
18.548	7.30503
18.5902	7.270430000000001
18.6975	7.256200000000001
18.8106	7.247060000000001
18.8584	7.234850000000001
18.9656	7.22062
19.1265	7.199280000000001
19.1802	7.192160000000001
19.2338	7.18505
19.3411	7.170820000000001
19.3947	7.1637
19.4483	7.1565900000000005
19.502	7.149470000000001
19.5556	7.14236
19.6064	7.13923
19.6961	7.123080000000001
19.7165	7.12101
19.7678	7.1114500000000005
19.8238	7.1067800000000005
19.9287	7.0901000000000005
20.0585	7.08663
20.0604	7.081850000000001
20.1145	7.079630000000001
20.1833	7.06981
20.2731	7.0581700000000005
20.3876	7.05208
20.4014	7.04945
20.4363	7.03694
20.4899	7.0298300000000005
20.5222	7.026540000000001
20.549	7.024290000000001
20.6024	7.0204
20.6027	7.017180000000001
20.6382	7.0145800000000005
20.6538	7.01299
20.6563	7.010060000000001
20.7099	7.00295
20.7636	6.995830000000001
20.7987	6.986600000000001
20.9213	6.974950000000001
20.9553	6.971990000000001
21.0244	6.961120000000001
21.0465	6.96698
21.0994	6.9501800000000005
21.2128	6.947220000000001
21.2144	6.94566
21.2147	6.94244
21.2299	6.9412400000000005
21.2603	6.928840000000001
21.3004	6.928190000000001
21.3572	6.918970000000001
21.4828	6.918200000000001
21.4854	6.91743
21.4938	6.913070000000001
21.5047	6.90793
21.529	6.898160000000001
21.5906	6.897530000000001
21.6013	6.895620000000001
21.6045	6.894900000000001
21.6184	6.89228
21.6208	6.8876800000000005
21.6469	6.882020000000001
21.6899	6.87682
21.7438	6.87215
21.7976	6.86749
21.8297	6.861750000000001
21.8617	6.85601
21.9265	6.85188
21.9585	6.84614
22.0103	6.84381
22.0157	6.842170000000001
22.0501	6.839320000000001
22.0515	6.83635
22.0658	6.831910000000001
22.0874	6.830540000000001
22.1194	6.824800000000001
22.1733	6.820130000000001
22.1947	6.8163100000000005
22.2163	6.81493
22.2483	6.809190000000001
22.2913	6.803990000000001
22.3235	6.800700000000001
22.3342	6.79879
22.3881	6.79412
22.4595	6.79138
22.4874	6.7899400000000005
22.4882	6.78495
22.5413	6.784490000000001
22.549	6.772780000000001
22.6029	6.76811
22.6458	6.762910000000001
22.6672	6.7590900000000005
22.7208	6.75197
22.764	6.749220000000001
22.7747	6.747310000000001
22.8176	6.742100000000001
22.8606	6.7369
22.9035	6.7317
22.9249	6.727870000000001
22.9427	6.72658
22.9465	6.726500000000001
22.9785	6.72076
23.024	6.720460000000001
23.0538	6.71227
23.0644	6.7103600000000005
23.1074	6.705150000000001
23.1503	6.699950000000001
23.2004	6.695360000000001
23.2363	6.6895500000000006
23.2685	6.686260000000001
23.2863	6.68496
23.3598	6.68282
23.3979	6.679450000000001
23.4054	6.67713
23.4374	6.6770700000000005
23.4482	6.672630000000001
23.4484	6.671930000000001
23.4589	6.669320000000001
23.467	6.66859
23.4913	6.666730000000001
23.502	6.664820000000001
23.51	6.66338
23.5127	6.6629000000000005
23.5343	6.661530000000001
23.545	6.659610000000001
23.5768	6.658850000000001
23.5772	6.6563300000000005
23.5878	6.6560500000000005
23.6072	6.65096
23.6309	6.64921
23.6388	6.647780000000001
23.6415	6.6473
23.6545	6.646450000000001
23.6843	6.641400000000001
23.7236	6.635580000000001
23.7895	6.634810000000001
23.7918	6.631010000000001
23.8133	6.632160000000001
23.8136	6.62894
23.8551	6.6281300000000005
23.8563	6.62696
23.8619	6.62689
23.8696	6.626810000000001
23.8779	6.619910000000001
23.9099	6.61984
23.9102	6.616620000000001
23.9136	6.614790000000001
23.9209	6.6147100000000005
23.9316	6.6128
23.9606	6.61022
23.9638	6.60951
23.9745	6.607600000000001
23.9961	6.60622
23.998	6.602830000000001
24.0175	6.602390000000001
24.0281	6.600480000000001
24.0497	6.5991
24.0604	6.597190000000001
24.0711	6.595280000000001
24.0743	6.594570000000001
24.1034	6.591990000000001
24.114	6.59008
24.1538	6.585590000000001
24.157	6.5848700000000004
24.1837	6.584200000000001
24.2526	6.582540000000001
24.2571	6.575690000000001
24.2791	6.57564
24.289	6.574210000000001
24.2994	6.57408
24.3149	6.571490000000001
24.3189	6.571150000000001
24.3248	6.568390000000001
24.3618	6.565950000000001
24.3678	6.5631900000000005
24.3857	6.56104
24.4048	6.5607500000000005
24.4345	6.55707
24.442	6.5558700000000005
24.4616	6.55292
24.4691	6.55172
24.4723	6.551010000000001
24.5121	6.546520000000001
24.555	6.541310000000001
24.5812	6.53931
24.6251	6.5384400000000005
24.6341	6.53101
24.6565	6.536110000000001
24.6625	6.530930000000001
24.6997	6.524650000000001
24.7656	6.52214
24.8019	6.514530000000001
24.843	6.514100000000001
24.8815	6.512320000000001
24.8827	6.50962
24.8966	6.50699
24.9142	6.504900000000001
24.9363	6.5025
24.9674	6.5019100000000005
24.9753	6.498690000000001
25.0104	6.49671
25.0117	6.49601
25.015	6.49328
25.0233	6.4909300000000005
25.034	6.48902
25.0521	6.4859100000000005
25.0945	6.484300000000001
25.1092	6.480530000000001
25.1111	6.47714
25.1306	6.476700000000001
25.1578	6.47597
25.187	6.475350000000001
25.1945	6.46949
25.224	6.4651000000000005
25.2573	6.46203
25.262	6.46288
25.2943	6.461120000000001
25.305	6.457680000000001
25.3123	6.457600000000001
25.3155	6.45688
25.3261	6.454970000000001
25.3798	6.447850000000001
25.4014	6.446480000000001
25.4358	6.44364
25.455	6.439360000000001
25.5086	6.432250000000001
25.5698	6.43168
25.5804	6.428230000000001
25.5925	6.425930000000001
25.6177	6.4217
25.6799	6.418900000000001
25.6938	6.416270000000001
25.7191	6.41377
25.737	6.41352
25.7436	6.412510000000001
25.7474	6.40916
25.7592	6.406080000000001
25.8011	6.40204
25.8267	6.39634
25.8408	6.397550000000001
25.8688	6.39475
25.8752	6.393320000000001
25.8979	6.39217
25.9011	6.39146
25.9086	6.3902600000000005
25.9118	6.389550000000001
25.915	6.3888300000000005
25.9193	6.388350000000001
25.9267	6.38715
25.9299	6.386430000000001
25.9395	6.3843000000000005
25.9579	6.38363
25.9654	6.382430000000001
25.9761	6.380520000000001
25.9945	6.379860000000001
25.9977	6.3791400000000005
26.0052	6.377940000000001
26.0084	6.377230000000001
26.019	6.37532
26.0293	6.3752200000000006
26.0374	6.374650000000001
26.0449	6.37345
26.0513	6.3720300000000005
26.0556	6.37154
26.0588	6.370830000000001
26.062	6.37012
26.0652	6.369400000000001
26.0911	6.36754
26.0985	6.366340000000001
26.1017	6.365630000000001
26.1049	6.36491
26.1308	6.363050000000001
26.1415	6.361140000000001
26.1447	6.36042
26.1845	6.355930000000001
26.2261	6.3552800000000005
26.247	6.354830000000001
26.2733	6.35318
26.2871	6.349630000000001
26.3098	6.3459900000000005
26.313	6.345270000000001
26.3525	6.344010000000001
26.3583	6.34252
26.3634	6.33887
26.3915	6.337480000000001
26.3957	6.33558
26.4171	6.331760000000001
26.4274	6.331660000000001
26.4493	6.328470000000001
26.46	6.326560000000001
26.503	6.321350000000001
26.5461	6.319990000000001
26.5466	6.31819
26.5811	6.3169200000000005
26.5891	6.31479
26.6175	6.311580000000001
26.6459	6.3085
26.6534	6.305760000000001
26.691	6.3005
26.7168	6.299980000000001
26.74	6.2974000000000006
26.7634	6.297910000000001
26.7684	6.297320000000001
26.775	6.29622
26.7759	6.291580000000001
26.7999	6.290470000000001
26.8254	6.2881
26.8354	6.285960000000001
26.8646	6.285340000000001
26.8657	6.284410000000001
26.8785	6.28425
26.8841	6.283100000000001
26.9019	6.28256
26.9214	6.279050000000001
26.9232	6.277810000000001
26.9449	6.277360000000001
26.9453	6.27702
26.9667	6.27548
26.9718	6.27111
27.0026	6.26966
27.0231	6.2687100000000004
27.0253	6.26787
27.0363	6.26712
27.0425	6.264340000000001
27.0521	6.26313
27.0628	6.26121
27.092	6.2606
27.0943	6.2569300000000005
27.1058	6.256010000000001
27.122	6.2553600000000005
27.1441	6.254580000000001
27.1455	6.251520000000001
27.1617	6.250870000000001
27.1853	6.2470300000000005
27.1993	6.246360000000001
27.2287	6.2461
27.2351	6.244680000000001
27.2404	6.24295
27.2422	6.241160000000001
27.2655	6.240630000000001
27.2792	6.238650000000001
27.3031	6.23662
27.3146	6.2357000000000005
27.3211	6.23508
27.3218	6.232190000000001
27.3486	6.231670000000001
27.3662	6.23132
27.3674	6.23113
27.3769	6.2281
27.3941	6.22672
27.4105	6.225950000000001
27.4224	6.22315
27.4268	6.22161
27.4502	6.22146
27.4641	6.2188300000000005
27.4679	6.2182
27.4748	6.21692
27.4767	6.21682
27.478	6.216200000000001
27.5068	6.2157100000000005
27.5071	6.21363
27.5129	6.212860000000001
27.5177	6.21171
27.5575	6.207230000000001
27.5607	6.206510000000001
27.5972	6.20274
27.6004	6.202020000000001
27.6216	6.201970000000001
27.6402	6.19754
27.6849	6.195410000000001
27.6854	6.195220000000001
27.707	6.19434
27.7074	6.19256
27.7252	6.19073
27.7277	6.190300000000001
27.7434	6.188750000000001
27.7452	6.186960000000001
27.7765	6.181690000000001
27.8082	6.181230000000001
27.8318	6.178600000000001
27.835	6.176070000000001
27.8492	6.17563
27.8728	6.173360000000001
27.876	6.172640000000001
27.8874	6.17206
27.8979	6.170680000000001
27.9083	6.171240000000001
27.9109	6.169300000000001
27.9158	6.168150000000001
27.9303	6.166860000000001
27.9367	6.16544
27.9574	6.161900000000001
27.9727	6.16221
28.0019	6.1616
28.0156	6.1570100000000005
28.0162	6.156460000000001
28.0487	6.1555800000000005
28.0556	6.153460000000001
28.0846	6.151900000000001
28.0942	6.1506300000000005
28.1022	6.146050000000001
28.1397	6.1456800000000005
28.1465	6.14458
28.1546	6.14241
28.1641	6.141580000000001
28.1791	6.13992
28.1886	6.138390000000001
28.2001	6.137460000000001
28.2293	6.136840000000001
28.2316	6.133180000000001
28.2431	6.1322600000000005
28.2723	6.131640000000001
28.2867	6.129100000000001
28.3063	6.127610000000001
28.3226	6.123280000000001
28.3366	6.122610000000001
28.3636	6.122580000000001
28.3697	6.121020000000001
28.3725	6.119200000000001
28.3777	6.119200000000001
28.3818	6.11821
28.3858	6.117780000000001
28.4067	6.115450000000001
28.4179	6.11425
28.4264	6.1117300000000006
28.4514	6.1111
28.4536	6.1099000000000006
28.4687	6.1093
28.4693	6.106520000000001
28.4898	6.10594
28.493	6.10355
28.5157	6.102080000000001
28.526	6.10198
28.5341	6.1014100000000004
28.5427	6.10099
28.5586	6.0968800000000005
28.5777	6.09625
28.5981	6.093840000000001
28.6055	6.093000000000001
28.6275	6.089810000000001
28.641	6.088640000000001
28.6452	6.08851
28.6775	6.083220000000001
28.7074	6.0825700000000005
28.7345	6.078990000000001
28.7447	6.07854
28.7705	6.07558
28.7793	6.074260000000001
28.8154	6.0703000000000005
28.849	6.06953
28.8496	6.069500000000001
28.861	6.069300000000001
28.8615	6.06568
28.8899	6.06514
28.9077	6.064570000000001
28.9169	6.06045
28.924	6.058420000000001
28.928	6.058260000000001
28.9361	6.056290000000001
28.9602	6.054460000000001
28.9709	6.05306
29.0052	6.052950000000001
29.0116	6.051520000000001
29.0152	6.0471200000000005
29.0483	6.0470500000000005
29.0543	6.04635
29.0601	6.044950000000001
29.0687	6.042580000000001
29.0759	6.042490000000001
29.0905	6.04239
29.0925	6.041810000000001
29.1018	6.04063
29.1125	6.0387200000000005
29.1189	6.0372900000000005
29.1411	6.034660000000001
29.1555	6.03352
29.1773	6.0307
29.192	6.02974
29.1952	6.0290300000000006
29.1984	6.02831
29.1997	6.027570000000001
29.2194	6.026790000000001
29.2243	6.0264500000000005
29.235	6.024540000000001
29.2382	6.023820000000001
29.2427	6.0223700000000004
29.2779	6.019340000000001
29.2907	6.017670000000001
29.2965	6.0172300000000005
29.315	6.014450000000001
29.3599	6.009760000000001
29.3631	6.00975
29.4029	6.004550000000001
29.4416	6.003310000000001
29.4578	5.999790000000001
29.4685	5.997870000000001
29.4962	5.997450000000001
29.5046	5.9939100000000005
29.5114	5.99267
29.5391	5.9911
29.5476	5.98871
29.5839	5.98871
29.5909	5.983700000000001
29.6132	5.9820400000000005
29.62	5.980790000000001
29.6271	5.9797400000000005
29.6561	5.9768300000000005
29.6759	5.97578
29.6959	5.973120000000001
29.7296	5.97179
29.7321	5.9691600000000005
29.7389	5.96792
29.7621	5.967390000000001
29.7763	5.966310000000001
29.7924	5.963380000000001
29.7977	5.962490000000001
29.8149	5.96234
29.8286	5.959420000000001
29.854	5.957050000000001
29.8623	5.956770000000001
29.8647	5.95546
29.9042	5.954440000000001
29.9058	5.950360000000001
29.9116	5.949910000000001
29.9262	5.94892
29.9433	5.94875
29.9451	5.946330000000001
29.9634	5.948410000000001
29.9733	5.943580000000001
30.0005	5.94207
30.0032	5.941250000000001
30.0144	5.938470000000001
30.0283	5.93618
30.0457	5.93566
30.0505	5.93451
30.0926	5.930110000000001
30.1229	5.9266000000000005
30.1446	5.926080000000001
30.1542	5.923780000000001
30.1591	5.922630000000001
30.226	5.9223300000000005
30.2266	5.91586
30.2331	5.9144000000000005
30.2415	5.914210000000001
30.2602	5.91384
30.2732	5.9137900000000005
30.2961	5.913100000000001
30.2969	5.9111
30.2989	5.907940000000001
30.317	5.907730000000001
30.3316	5.902830000000001
30.3675	5.899610000000001
30.4007	5.899030000000001
30.4037	5.895650000000001
30.4263	5.89418
30.4693	5.8889700000000005
30.4951	5.88834
30.5055	5.88501
30.5122	5.88377
30.5392	5.883100000000001
30.5484	5.879810000000001
30.5711	5.878340000000001
30.597	5.87783
30.5995	5.876580000000001
30.6208	5.8718900000000005
30.6441	5.869860000000001
30.6555	5.86917
30.657	5.86793
30.6849	5.866460000000001
30.6984	5.863970000000001
30.7217	5.861460000000001
30.7346	5.861020000000001
30.7421	5.858280000000001
30.7655	5.856050000000001
30.7708	5.856050000000001
30.78	5.854870000000001
30.785	5.85308
30.8151	5.852990000000001
30.8159	5.849060000000001
30.8305	5.84813
30.8813	5.8473500000000005
30.8855	5.84468
30.8882	5.841130000000001
30.9107	5.843840000000001
30.9239	5.8399600000000005
30.924	5.838480000000001
30.9352	5.83823
30.967	5.83328
30.9864	5.832700000000001
31.0101	5.831570000000001
31.0146	5.830850000000001
31.0242	5.828950000000001
31.0285	5.828790000000001
31.0437	5.826350000000001
31.0923	5.82401
31.1095	5.82375
31.117	5.821670000000001
31.1204	5.81845
31.1312	5.816860000000001
31.1639	5.816120000000001
31.1673	5.812900000000001
31.1928	5.810530000000001
31.2035	5.808940000000001
31.2364	5.80728
31.2397	5.8049800000000005
31.2725	5.80332
31.2759	5.80102
31.3096	5.798380000000001
31.3121	5.797060000000001
31.3309	5.79368
31.367	5.79311
31.3716	5.793080000000001
31.3786	5.79126
31.3951	5.78755
31.4104	5.7847100000000005
31.4219	5.783780000000001
31.4313	5.78359
31.4418	5.78279
31.4749	5.779630000000001
31.4792	5.781180000000001
31.493	5.777260000000001
31.5118	5.773880000000001
31.5503	5.770910000000001
31.5659	5.769730000000001
31.5706	5.77005
31.5865	5.7669500000000005
31.6064	5.76423
31.6262	5.762460000000001
31.6377	5.76142
31.6518	5.760750000000001
31.6521	5.760280000000001
31.6566	5.75804
31.6739	5.757460000000001
31.6883	5.7563200000000005
31.695	5.755070000000001
31.7101	5.753500000000001
31.7312	5.751110000000001
31.7348	5.75058
31.7539	5.74964
31.7638	5.747680000000001
31.7678	5.74734
31.7745	5.7461
31.7968	5.744440000000001
31.8036	5.74319
31.8107	5.742140000000001
31.8278	5.740950000000001
31.8398	5.739230000000001
31.8593	5.737620000000001
31.8707	5.73575
31.8795	5.73474
31.8807	5.7338000000000005
31.8969	5.733750000000001
31.9185	5.73237
31.9236	5.728600000000001
31.9483	5.72735
31.9495	5.7264100000000004
31.9634	5.72578
31.9666	5.72339
31.9925	5.7215300000000004
32.0031	5.719620000000001
32.0425	5.71494
32.0461	5.7144200000000005
32.0751	5.7115100000000005
32.1214	5.71105
32.1302	5.710780000000001
32.1436	5.706580000000001
32.1547	5.702540000000001
32.2164	5.70183
32.2166	5.698060000000001
32.2347	5.696470000000001
32.2753	5.693060000000001
32.3085	5.694170000000001
32.3152	5.692330000000001
32.3175	5.6889400000000006
32.3252	5.68618
32.3648	5.683680000000001
32.3706	5.681940000000001
32.3711	5.681830000000001
32.3798	5.680090000000001
32.3976	5.678260000000001
32.4217	5.67738
32.4227	5.674880000000001
32.4337	5.674300000000001
32.4507	5.6732700000000005
32.4646	5.672180000000001
32.4721	5.66945
32.5076	5.666980000000001
32.515	5.664250000000001
32.5473	5.662490000000001
32.558	5.659040000000001
32.6125	5.65807
32.6192	5.65446
32.6236	5.652360000000001
32.6491	5.650130000000001
32.6665	5.64716
32.687	5.64658
32.7232	5.642620000000001
32.7264	5.640230000000001
32.74	5.639240000000001
32.7692	5.63862
32.7732	5.6385700000000005
32.7831	5.637530000000001
32.7939	5.634290000000001
32.8187	5.6336200000000005
32.838	5.632770000000001
32.8425	5.629150000000001
32.8617	5.628410000000001
32.8764	5.624390000000001
32.9046	5.62321
32.9138	5.62161
32.9403	5.618860000000001
32.9674	5.614490000000001
32.9953	5.6115200000000005
33.018	5.61005
33.0276	5.6092900000000006
33.0469	5.605510000000001
33.0596	5.605390000000001
33.0609	5.604850000000001
33.085	5.603020000000001
33.1039	5.599640000000001
33.1404	5.595870000000001
33.1588	5.594880000000001
33.1645	5.594040000000001
33.1695	5.592960000000001
33.1763	5.5917200000000005
33.1834	5.59067
33.2124	5.58776
33.2441	5.586040000000001
33.2699	5.5850100000000005
33.2721	5.58443
33.2736	5.58412
33.2871	5.580830000000001
33.2935	5.5806000000000004
33.3125	5.57582
33.3314	5.574890000000001
33.3487	5.571860000000001
33.3666	5.571860000000001
33.3794	5.570200000000001
33.3885	5.570010000000001
33.402	5.568720000000001
33.4223	5.564990000000001
33.4469	5.563420000000001
33.4655	5.563280000000001
33.4669	5.56233
33.468	5.561030000000001
33.4836	5.559850000000001
33.4879	5.55832
33.5084	5.55808
33.5184	5.555600000000001
33.538	5.555510000000001
33.5551	5.55531
33.558	5.5519300000000005
33.5674	5.549340000000001
33.6043	5.545190000000001
33.619	5.54494
33.6498	5.540240000000001
33.6858	5.539470000000001
33.6994	5.53896
33.7001	5.5357
33.71	5.53504
33.7193	5.534050000000001
33.7363	5.531740000000001
33.7741	5.531630000000001
33.7784	5.527830000000001
33.8093	5.5246200000000005
33.8146	5.5238700000000005
33.8264	5.522170000000001
33.8343	5.520700000000001
33.8375	5.51998
33.8637	5.5164800000000005
33.8773	5.515490000000001
33.9005	5.51346
33.922	5.51311
33.9276	5.508500000000001
33.9678	5.51125
33.9722	5.50799
33.9759	5.50635
33.9787	5.505400000000001
33.9962	5.50262
34.0085	5.500640000000001
34.0137	5.500640000000001
34.0258	5.50006
34.0511	5.49786
34.0618	5.495950000000001
34.0876	5.493200000000001
34.0982	5.492140000000001
34.1047	5.490740000000001
34.1274	5.48927
34.1306	5.488880000000001
34.1343	5.488180000000001
34.1392	5.487030000000001
34.1413	5.48697
34.1596	5.4859800000000005
34.1703	5.48406
34.1842	5.481770000000001
34.1957	5.480840000000001
34.2062	5.480650000000001
34.2133	5.478860000000001
34.2322	5.47789
34.2412	5.475890000000001
34.2617	5.4736400000000005
34.2791	5.472340000000001
34.2836	5.472300000000001
34.284	5.4712000000000005
34.2928	5.469880000000001
34.3011	5.468960000000001
34.3153	5.468380000000001
34.3276	5.4670000000000005
34.3407	5.466010000000001
34.3426	5.465800000000001
34.3492	5.46562
34.3514	5.4644200000000005
34.3667	5.462280000000001
34.3705	5.4618
34.3854	5.461670000000001
34.3881	5.460850000000001
34.3909	5.45807
34.4096	5.45708
34.4135	5.456600000000001
34.4232	5.4560900000000006
34.4319	5.45593
34.4336	5.455900000000001
34.4365	5.455310000000001
34.4397	5.4545900000000005
34.4458	5.45312
34.4565	5.4514000000000005
34.4827	5.44939
34.4994	5.4461900000000005
34.5256	5.444190000000001
34.5288	5.443480000000001
34.5392	5.441700000000001
34.5596	5.4412400000000005
34.5646	5.439330000000001
34.5718	5.43827
34.5789	5.437220000000001
34.598	5.43627
34.6012	5.435560000000001
34.6115	5.4337800000000005
34.6303	5.432980000000001
34.6377	5.431780000000001
34.6409	5.431070000000001
34.6441	5.430350000000001
34.6682	5.429360000000001
34.67	5.428490000000001
34.6807	5.42658
34.7091	5.426450000000001
34.7108	5.42614
34.7223	5.4259200000000005
34.7236	5.421380000000001
34.7521	5.421250000000001
34.7818	5.418220000000001
34.7871	5.4164900000000005
34.8082	5.415520000000001
34.8326	5.4115400000000005
34.8431	5.4113500000000005
34.861	5.40983
34.8955	5.409730000000001
34.8991	5.40814
34.9028	5.4065900000000005
34.9039	5.404630000000001
34.9157	5.404490000000001
34.9205	5.404310000000001
34.9477	5.401890000000001
34.9515	5.398670000000001
34.9741	5.397200000000001
34.9835	5.396070000000001
35.0013	5.394780000000001
35.0049	5.392250000000001
35.0171	5.392
35.029	5.391120000000001
35.0397	5.39052
35.0415	5.389570000000001
35.0478	5.38705
35.0601	5.38679
35.0816	5.3837600000000005
35.0908	5.38184
35.1256	5.380120000000001
35.1262	5.3796100000000004
35.1363	5.37689
35.1496	5.376410000000001
35.1686	5.374910000000001
35.1869	5.372450000000001
35.1926	5.3712100000000005
35.2191	5.369160000000001
35.2298	5.36725
35.2481	5.36594
35.2647	5.3657900000000005
35.2728	5.36204
35.302	5.361420000000001
35.3233	5.357600000000001
35.3556	5.354310000000001
35.3663	5.352390000000001
35.393	5.351520000000001
35.4092	5.34719
35.4466	5.344410000000001
35.4573	5.342490000000001
35.4842	5.341990000000001
35.492	5.338280000000001
35.5002	5.33729
35.511	5.33656
35.5282	5.334320000000001
35.5508	5.3328500000000005
35.554	5.3313500000000005
35.5797	5.328320000000001
35.5938	5.32765
35.602	5.326650000000001
35.6367	5.32244
35.6729	5.318480000000001
35.6847	5.31775
35.6955	5.317010000000001
35.7091	5.314520000000001
35.7162	5.313470000000001
35.7277	5.31254
35.7385	5.311800000000001
35.7732	5.30759
35.7814	5.3066
35.8036	5.304880000000001
35.8179	5.3043700000000005
35.8199	5.303630000000001
35.8251	5.30344
35.8388	5.303380000000001
35.8466	5.299670000000001
35.8561	5.299670000000001
35.8609	5.297630000000001
35.9015	5.294910000000001
35.9122	5.2929900000000005
35.9154	5.292280000000001
35.9333	5.292160000000001
35.9484	5.289040000000001
35.9551	5.28779
35.9646	5.28779
35.9846	5.285080000000001
35.9917	5.284020000000001
35.9949	5.2833000000000006
36.014	5.282360000000001
36.0347	5.2788200000000005
36.0512	5.2784
36.0569	5.277150000000001
36.081	5.276390000000001
36.0884	5.272880000000001
36.0999	5.27195
36.122	5.271700000000001
36.127	5.270700000000001
36.1355	5.270700000000001
36.1364	5.268180000000001
36.1371	5.26799
36.1794	5.262980000000001
36.2412	5.262220000000001
36.2513	5.261940000000001
36.2596	5.26095
36.2658	5.256850000000001
36.2812	5.253900000000001
36.2876	5.252470000000001
36.3195	5.249460000000001
36.3242	5.2487
36.3606	5.246
36.3671	5.24349
36.3703	5.242780000000001
36.4	5.24101
36.4068	5.238230000000001
36.4393	5.2376700000000005
36.4498	5.2338000000000005
36.491	5.23111
36.4929	5.2305600000000005
36.5036	5.228650000000001
36.5118	5.227650000000001
36.5365	5.226160000000001
36.5465	5.223440000000001
36.582	5.221210000000001
36.5839	5.2206600000000005
36.5946	5.218750000000001
36.6375	5.213540000000001
36.6483	5.2128000000000005
36.6773	5.20905
36.6913	5.2076
36.717	5.20457
36.7285	5.203640000000001
36.7393	5.2029000000000005
36.7732	5.20152
36.774	5.198690000000001
36.7823	5.1977
36.808	5.19467
36.8549	5.191510000000001
36.8701	5.1893
36.8758	5.1880500000000005
36.9106	5.18733
36.913	5.18409
36.9187	5.18285
36.9536	5.182130000000001
36.956	5.178890000000001
36.9914	5.176660000000001
37.0015	5.173940000000001
37.0355	5.169910000000001
37.0495	5.169250000000001
37.0578	5.1682500000000005
37.0761	5.16795
37.0924	5.164040000000001
37.1279	5.161810000000001
37.1413	5.161090000000001
37.1584	5.15922
37.1802	5.15408
37.1942	5.1534
37.2686	5.1512400000000005
37.2705	5.148180000000001
37.2748	5.145510000000001
37.277	5.14449
37.3045	5.143730000000001
37.3146	5.141020000000001
37.3199	5.139290000000001
37.3543	5.1365300000000005
37.3654	5.134340000000001
37.3758	5.133350000000001
37.3945	5.13255
37.4052	5.1306400000000005
37.421	5.130400000000001
37.4414	5.12668
37.4481	5.125430000000001
37.464	5.1252
37.4672	5.1237
37.4843	5.12147
37.4879	5.120940000000001
37.507	5.120000000000001
37.5101	5.118500000000001
37.5205	5.11751
37.5276	5.116460000000001
37.5431	5.116040000000001
37.5499	5.114800000000001
37.5531	5.11408
37.5638	5.112500000000001
37.5828	5.112310000000001
37.5861	5.1108400000000005
37.5897	5.110310000000001
37.5929	5.109590000000001
37.6187	5.107730000000001
37.6223	5.10688
37.6255	5.106160000000001
37.629	5.105630000000001
37.6326	5.1051
37.6517	5.10416
37.6581	5.10273
37.6652	5.10167
37.6724	5.10062
37.6857	5.100130000000001
37.6946	5.098960000000001
37.6978	5.0982400000000005
37.7086	5.096660000000001
37.7344	5.09447
37.7376	5.093750000000001
37.7447	5.092700000000001
37.7635	5.09189
37.7716	5.08973
37.7773	5.08926
37.8171	5.08478
37.8646	5.08307
37.934	5.0802700000000005
37.9458	5.080380000000001
37.9574	5.07969
37.9795	5.0753200000000005
37.9873	5.077660000000001
37.9922	5.067760000000001
38.0397	5.067220000000001
38.1022	5.06026
38.1144	5.057830000000001
38.1506	5.053870000000001
38.1652	5.052530000000001
38.1835	5.046970000000001
38.2011	5.0467200000000005
38.2189	5.045420000000001
38.2197	5.043010000000001
38.303	5.04159
38.3034	5.04077
38.3037	5.03755
38.3485	5.036220000000001
38.3892	5.03509
38.3918	5.03434
38.3933	5.02561
38.411	5.023320000000001
38.456	5.01989
38.5015	5.013770000000001
38.5019	5.013730000000001
38.5763	5.012010000000001
38.5907	5.011680000000001
38.6241	5.008360000000001
38.6363	5.0065800000000005
38.6382	4.999350000000001
38.6731	4.999160000000001
38.7124	4.996620000000001
38.7221	4.992970000000001
38.7634	4.99124
38.7687	4.989190000000001
38.7769	4.987030000000001
38.7983	4.98622
38.8026	4.984610000000001
38.817	4.984120000000001
38.8224	4.982080000000001
38.8532	4.980160000000001
38.8586	4.9781200000000005
38.8679	4.977130000000001
38.8842	4.975820000000001
38.9032	4.975580000000001
38.9041	4.9731700000000005
38.9309	4.97193
38.9389	4.97104
38.9391	4.969760000000001
38.9793	4.965580000000001
38.9846	4.964810000000001
39.0196	4.961410000000001
39.0248	4.960630000000001
39.0473	4.956220000000001
39.0751	4.953720000000001
39.1042	4.952840000000001
39.1281	4.94934
39.1404	4.948880000000001
39.1407	4.94704
39.1793	4.946530000000001
39.1836	4.941840000000001
39.2128	4.94183
39.2478	4.939280000000001
39.256	4.9339200000000005
39.3014	4.93217
39.3147	4.931260000000001
39.3479	4.9297
39.3497	4.927860000000001
39.3952	4.922910000000001
39.4517	4.917590000000001
39.493	4.915760000000001
39.4953	4.914250000000001
39.5015	4.909230000000001
39.5322	4.909230000000001
39.5456	4.909020000000001
39.5461	4.90758
39.551	4.90697
39.5551	4.90676
39.5815	4.906390000000001
39.5916	4.902780000000001
39.624	4.90218
39.628	4.89662
39.6566	4.89559
39.6672	4.89376
39.6826	4.89273
39.7126	4.8889700000000005
39.7208	4.886640000000001
39.729	4.884320000000001
39.765	4.88004
39.7745	4.879530000000001
39.8199	4.874740000000001
39.854	4.870550000000001
39.9101	4.86798
39.9192	4.863690000000001
39.9494	4.86293
39.9885	4.8626700000000005
40.018	4.859450000000001
40.0341	4.858020000000001
40.0489	4.8580000000000005
40.063	4.857500000000001
40.0673	4.855840000000001
40.079	4.853330000000001
40.0926	4.845980000000001
40.1723	4.844080000000001
40.1725	4.842560000000001
40.1938	4.841570000000001
40.2087	4.841270000000001
40.2166	4.839390000000001
40.2185	4.83588
40.2219	4.8348
40.2285	4.833330000000001
40.2686	4.8310200000000005
40.3078	4.830080000000001
40.3132	4.829600000000001
40.3173	4.829390000000001
40.3184	4.828830000000001
40.3225	4.82861
40.343	4.82589
40.3535	4.825430000000001
40.3575	4.82521
40.3584	4.81995
40.434	4.81707
40.4389	4.811590000000001
40.456	4.808580000000001
40.484	4.805140000000001
40.5015	4.803630000000001
40.5652	4.80114
40.568	4.80022
40.5926	4.793260000000001
40.6204	4.790760000000001
40.6239	4.79023
40.6501	4.7899
40.6598	4.789740000000001
40.6671	4.788310000000001
40.6753	4.785990000000001
40.686	4.78408
40.6892	4.783370000000001
40.7289	4.778880000000001
40.7676	4.77533
40.7744	4.7740800000000005
40.7877	4.773440000000001
40.8013	4.7709600000000005
40.8084	4.769900000000001
40.8307	4.7682400000000005
40.8678	4.76491
40.8736	4.76304
40.8901	4.761150000000001
40.9102	4.75926
40.9503	4.759130000000001
40.9532	4.754060000000001
41.004	4.75201
41.0125	4.749070000000001
41.0554	4.743860000000001
41.1125	4.741860000000001
41.1364	4.741390000000001
41.1372	4.737620000000001
41.1617	4.7373
41.1733	4.73366
41.2046	4.73209
41.2273	4.73181
41.2322	4.72989
41.2602	4.727780000000001
41.2931	4.721940000000001
41.3097	4.71928
41.361	4.71722
41.3967	4.716760000000001
41.3971	4.713820000000001
41.3972	4.713260000000001
41.4146	4.71011
41.4373	4.70964
41.4399	4.709060000000001
41.4425	4.708870000000001
41.4508	4.706150000000001
41.4882	4.701490000000001
41.525	4.6999
41.5349	4.699660000000001
41.5375	4.69798
41.5754	4.69798
41.5789	4.697260000000001
41.6015	4.693510000000001
41.6109	4.68949
41.6445	4.68831
41.6556	4.68768
41.6732	4.68707
41.6781	4.684080000000001
41.7178	4.679600000000001
41.7279	4.676730000000001
41.7691	4.67663
41.7728	4.675610000000001
41.7809	4.675180000000001
41.7927	4.67032
41.8094	4.673280000000001
41.8102	4.66436
41.8936	4.663080000000001
41.8988	4.662310000000001
41.9085	4.6613500000000005
41.9281	4.65955
41.9447	4.65739
41.9466	4.64998
41.9748	4.649890000000001
41.9946	4.6474
42.044	4.64531
42.0654	4.64486
42.0751	4.6390400000000005
42.1105	4.63818
42.135	4.636010000000001
42.1517	4.631480000000001
42.2184	4.630300000000001
42.2237	4.629530000000001
42.2289	4.628760000000001
42.2558	4.6275200000000005
42.2578	4.62056
42.2731	4.620000000000001
42.2737	4.617640000000001
42.3579	4.617540000000001
42.3645	4.615290000000001
42.3647	4.61479
42.3651	4.606330000000001
42.4421	4.606230000000001
42.4448	4.60411
42.4545	4.603720000000001
42.4669	4.59569
42.5006	4.595250000000001
42.5098	4.590490000000001
42.5757	4.590230000000001
42.576	4.58701
42.5855	4.584930000000001
42.5974	4.5831800000000005
42.6296	4.579890000000001
42.6403	4.57798
42.6656	4.57507
42.6769	4.5742
42.6833	4.572780000000001
42.7186	4.5707
42.7287	4.56798
42.7628	4.5638000000000005
42.7742	4.5631900000000005
42.785	4.56214
42.828	4.556940000000001
42.8651	4.553610000000001
42.8759	4.552550000000001
42.8945	4.550890000000001
42.9075	4.547960000000001
42.9189	4.547350000000001
42.9555	4.545750000000001
42.956	4.544020000000001
42.9921	4.54006
42.9984	4.5383700000000005
43.0469	4.53443
43.0823	4.5322000000000005
43.083	4.53047
43.1629	4.52847
43.1816	4.526020000000001
43.2107	4.52587
43.2113	4.523960000000001
43.217	4.5239400000000005
43.2192	4.52064
43.2352	4.520550000000001
43.2414	4.519760000000001
43.2524	4.516500000000001
43.2726	4.516120000000001
43.2864	4.51226
43.318	4.511640000000001
43.3383	4.506100000000001
43.3484	4.508750000000001
43.3486	4.50553
43.3555	4.5014
43.413	4.4965
43.4559	4.491300000000001
43.5041	4.48777
43.5299	4.4859100000000005
43.5354	4.4823200000000005
43.5577	4.48066
43.6006	4.475460000000001
43.6846	4.471820000000001
43.7175	4.4711300000000005
43.7259	4.470940000000001
43.7275	4.466620000000001
43.7689	4.465730000000001
43.7741	4.457750000000001
43.8185	4.456720000000001
43.8639	4.452240000000001
43.9013	4.44899
43.9094	4.446770000000001
43.9449	4.44474
43.955	4.441870000000001
43.9947	4.437380000000001
44.0349	4.43719
44.0377	4.43461
44.0568	4.43123
44.0913	4.427490000000001
44.1531	4.4266000000000005
44.1557	4.4225
44.1719	4.422300000000001
44.1723	4.41999
44.2052	4.41983
44.2055	4.41978
44.2178	4.41504
44.2464	4.413850000000001
44.2604	4.412370000000001
44.2639	4.407730000000001
44.309	4.40451
44.3634	4.401090000000001
44.3669	4.397570000000001
44.4099	4.3923700000000006
44.4504	4.390880000000001
44.4553	4.3878900000000005
44.5033	4.383190000000001
44.5414	4.38215
44.5463	4.3779900000000005
44.5652	4.37795
44.5909	4.376340000000001
44.6264	4.374370000000001
44.6635	4.36967
44.6948	4.365880000000001
44.7123	4.3639600000000005
44.7327	4.360670000000001
44.7567	4.356260000000001
44.762	4.354290000000001
44.8018	4.349800000000001
44.8244	4.34832
44.8308	4.346900000000001
44.8567	4.345040000000001
44.8674	4.343120000000001
44.8706	4.342410000000001
44.9103	4.33792
44.9326	4.33626
44.9381	4.335420000000001
44.9469	4.3341400000000005
44.9608	4.333950000000001
44.9691	4.33248
44.9827	4.330000000000001
44.9898	4.32894
45.0037	4.328740000000001
45.0121	4.327280000000001
45.0331	4.32603
45.0467	4.32354
45.055	4.322080000000001
45.0761	4.32082
45.0916	4.318300000000001
45.1055	4.318110000000001
45.119	4.315620000000001
45.1262	4.31456
45.1346	4.3131
45.1484	4.312900000000001
45.1733	4.310460000000001
45.1914	4.3077000000000005
45.2275	4.3066
45.2279	4.30393
45.2709	4.29872
45.3466	4.297250000000001
45.3577	4.295380000000001
45.3642	4.292190000000001
45.4048	4.290220000000001
45.4219	4.288360000000001
45.4437	4.28321
45.4577	4.282540000000001
45.4831	4.282400000000001
45.5007	4.277340000000001
45.5826	4.266540000000001
45.6659	4.2651200000000005
45.6718	4.264130000000001
45.6731	4.263870000000001
45.701	4.259530000000001
45.7166	4.259850000000001
45.7282	4.2525900000000005
45.7737	4.2476400000000005
45.8189	4.24342
45.8218	4.242470000000001
45.8648	4.2372700000000005
45.8926	4.234770000000001
45.9045	4.232780000000001
45.9475	4.23
45.9582	4.228090000000001
45.9943	4.224130000000001
46.0011	4.2228900000000005
46.0373	4.21893
46.0466	4.218100000000001
46.0735	4.214970000000001
46.0806	4.21391
46.1029	4.212250000000001
46.1458	4.207050000000001
46.1853	4.205610000000001
46.2215	4.201650000000001
46.2254	4.19807
46.2617	4.197470000000001
46.267	4.196700000000001
46.302	4.193300000000001
46.3405	4.1904900000000005
46.3422	4.189120000000001
46.3475	4.188350000000001
46.3877	4.184170000000001
46.4229	4.18353
46.4289	4.180180000000001
46.4552	4.18024
46.4684	4.17858
46.4886	4.177180000000001
46.4914	4.17628
46.5033	4.17241
46.5336	4.17163
46.5417	4.171270000000001
46.5423	4.170820000000001
46.5559	4.16997
46.5745	4.16678
46.592	4.16058
46.6399	4.156200000000001
46.6829	4.15099
46.7377	4.1508
46.7581	4.146440000000001
46.7806	4.145600000000001
46.8081	4.143090000000001
46.8172	4.141820000000001
46.8231	4.14151
46.8511	4.1412700000000005
46.8537	4.13799
46.8634	4.136690000000001
46.8661	4.136310000000001
46.8953	4.13569
46.9026	4.1325400000000005
46.909	4.1311100000000005
46.9382	4.130490000000001
46.9596	4.12666
46.9892	4.12565
46.9958	4.125430000000001
46.9969	4.123880000000001
47.0025	4.121460000000001
47.0353	4.120340000000001
47.0399	4.11868
47.0423	4.114940000000001
47.0908	4.111940000000001
47.0935	4.111560000000001
47.11	4.110950000000001
47.126	4.110990000000001
47.1266	4.108440000000001
47.1435	4.108320000000001
47.1843	4.102290000000001
47.1845	4.101660000000001
47.1926	4.1013
47.204	4.09942
47.2273	4.097090000000001
47.2601	4.0955200000000005
47.2627	4.094850000000001
47.273	4.09151
47.3056	4.0905700000000005
47.3291	4.086450000000001
47.3459	4.086390000000001
47.3514	4.08621
47.3664	4.083660000000001
47.369	4.082110000000001
47.372	4.081250000000001
47.4094	4.078460000000001
47.412	4.076910000000001
47.4201	4.076550000000001
47.445	4.073790000000001
47.463	4.071350000000001
47.4915	4.0679300000000005
47.5055	4.067260000000001
47.5344	4.06273
47.5484	4.062060000000001
47.5565	4.061700000000001
47.5995	4.056500000000001
47.628	4.0530800000000005
47.6583	4.05243
47.6813	4.05236
47.6932	4.05034
47.7012	4.047230000000001
47.7245	4.04257
47.7385	4.041900000000001
47.7791	4.0399400000000005
47.7815	4.036700000000001
47.818	4.032920000000001
47.8214	4.032360000000001
47.8533	4.02934
47.8545	4.029090000000001
47.861	4.02772
47.8644	4.02716
47.875	4.027050000000001
47.8974	4.0246900000000005
47.8999	4.024290000000001
47.9041	4.02345
47.9416	4.021840000000001
47.9471	4.018250000000001
47.9549	4.016660000000001
47.9693	4.016590000000001
47.9833	4.014290000000001
48.0059	4.012810000000001
48.0243	4.012150000000001
48.0382	4.009530000000001
48.0421	4.008850000000001
48.0464	4.007200000000001
48.0747	4.005750000000001
48.0783	4.0048900000000005
48.0854	4.00384
48.0886	4.003120000000001
48.0918	4.00241
48.1284	3.9986300000000004
48.1316	3.9979200000000006
48.1373	3.9976200000000004
48.1479	3.997350000000001
48.1506	3.996970000000001
48.1642	3.9944900000000008
48.1713	3.993430000000001
48.1827	3.992820000000001
48.1911	3.9913600000000002
48.22	3.9903500000000003
48.2301	3.9880000000000004
48.2365	3.9865700000000004
48.2622	3.9838500000000003
48.2731	3.9827900000000005
48.2763	3.9820800000000007
48.303	3.9805200000000003
48.3094	3.9797400000000005
48.3102	3.9794600000000004
48.3134	3.9787500000000007
48.3161	3.97759
48.3388	3.9763800000000007
48.3531	3.974260000000001
48.3754	3.972600000000001
48.3786	3.971890000000001
48.4151	3.9681100000000002
48.4183	3.9674000000000005
48.4549	3.9636200000000006
48.4581	3.962910000000001
48.4914	3.959790000000001
48.4979	3.9584200000000003
48.5368	3.9549900000000004
48.6203	3.95448
48.6257	3.95143
48.668	3.9513000000000007
48.6695	3.948670000000001
48.7052	3.942450000000001
48.7232	3.9414000000000007
48.7555	3.93827
48.7685	3.936980000000001
48.8211	3.9361000000000006
48.8452	3.933110000000001
48.8534	3.930790000000001
48.8747	3.9248000000000003
48.8783	3.922270000000001
48.9004	3.9166500000000006
48.9843	3.9151500000000006
49.0068	3.9119200000000003
49.0213	3.9118200000000005
49.0327	3.9112100000000005
49.0402	3.9083900000000007
49.0721	3.9069000000000003
49.0767	3.9027000000000003
49.108	3.901090000000001
49.1345	3.900570000000001
49.1459	3.899960000000001
49.1526	3.89855
49.1594	3.898130000000001
49.1602	3.897850000000001
49.1774	3.8953700000000007
49.1869	3.8947400000000005
49.1929	3.8943700000000003
49.196	3.893700000000001
49.2031	3.892640000000001
49.2162	3.890790000000001
49.2651	3.8864900000000002
49.2683	3.8857800000000005
49.3049	3.88201
49.3081	3.881120000000001
49.3479	3.8768000000000002
49.3526	3.876410000000001
49.3868	3.873380000000001
49.3898	3.8718500000000002
49.398	3.871460000000001
49.4021	3.868550000000001
49.4392	3.8639100000000006
49.4485	3.8611900000000006
49.4753	3.8599500000000004
49.4835	3.8577900000000005
49.5237	3.8536100000000006
49.529	3.8528400000000005
49.587	3.8511800000000003
49.595	3.8479800000000006
49.6367	3.84473
49.6406	3.8440600000000007
49.6486	3.84086
49.6658	3.838870000000001
49.6848	3.836900000000001
49.69	3.8361300000000007
49.7237	3.8345600000000006
49.7358	3.8326700000000002
49.756	3.831270000000001
49.7599	3.8306000000000004
49.805	3.8299000000000003
49.8071	3.8284800000000008
49.8174	3.8272500000000003
49.8232	3.825100000000001
49.8458	3.82019
49.8591	3.8192900000000005
49.898	3.8188900000000006
49.9037	3.8167500000000008
49.9396	3.810930000000001
49.9852	3.806280000000001
50.0139	3.8060400000000003
50.0416	3.8006600000000006
50.0604	3.798400000000001
50.1221	3.7923100000000005
50.201	3.7919600000000004
50.2142	3.7918400000000005
50.216	3.7837400000000008
50.2805	3.7829800000000002
50.2958	3.7819200000000004
50.3065	3.779440000000001
50.3305	3.7789600000000005
50.3349	3.7750500000000002
50.3664	3.7731400000000006
50.3743	3.7691800000000004
50.3961	3.7649600000000003
50.4066	3.7634100000000004
50.4416	3.7600100000000003
50.4468	3.759240000000001
50.4523	3.7590500000000002
50.4819	3.7558300000000004
50.4871	3.7550600000000003
50.4978	3.7541
50.5274	3.7508800000000004
50.5329	3.750700000000001
50.5783	3.745750000000001
50.6618	3.7419100000000007
50.6692	3.736320000000001
50.7159	3.733250000000001
50.7286	3.7300000000000004
50.79	3.7290400000000004
50.8026	3.7265700000000006
50.8092	3.7216400000000007
50.8395	3.7213600000000007
50.8524	3.718400000000001
50.8628	3.716850000000001
50.871	3.7164200000000003
50.8897	3.7156100000000007
50.8979	3.713450000000001
50.9381	3.709270000000001
50.9433	3.708500000000001
50.9537	3.707420000000001
50.9797	3.7069100000000006
50.9836	3.704320000000001
50.998	3.703030000000001
51.0342	3.6990700000000007
51.0722	3.6969900000000004
51.0745	3.694890000000001
51.0797	3.6941200000000007
51.099	3.6934400000000007
51.1206	3.6933700000000007
51.1258	3.6898800000000005
51.1727	3.68787
51.1972	3.6860100000000005
51.2171	3.6805600000000007
51.2354	3.6790600000000007
51.2627	3.675910000000001
51.2735	3.674950000000001
51.2758	3.674010000000001
51.3003	3.6737100000000007
51.3085	3.6715500000000008
51.334	3.670980000000001
51.3366	3.6694500000000003
51.354	3.6666000000000007
51.3823	3.665140000000001
51.3971	3.66333
51.4106	3.66157
51.4199	3.6605800000000004
51.4375	3.660330000000001
51.4468	3.6593400000000003
51.4479	3.658780000000001
51.4549	3.6571800000000003
51.4561	3.656460000000001
51.4654	3.6556300000000004
51.483	3.655380000000001
51.487	3.6551600000000004
51.4911	3.6532100000000005
51.5004	3.6522200000000007
51.5016	3.65167
51.5057	3.6514500000000005
51.5097	3.6512400000000005
51.5285	3.650430000000001
51.5325	3.6502100000000004
51.5366	3.648270000000001
51.5418	3.6474900000000003
51.5459	3.6472800000000003
51.5563	3.6462000000000003
51.5739	3.64564
51.5769	3.6440900000000003
51.5821	3.6433100000000005
51.5992	3.6424000000000003
51.6158	3.6417400000000004
51.6224	3.6391400000000003
51.6379	3.637290000000001
51.6648	3.636050000000001
51.673	3.633890000000001
51.7029	3.6307800000000006
51.7132	3.62971
51.7184	3.628940000000001
51.7431	3.6266100000000003
51.7587	3.62476
51.7834	3.6224300000000005
51.8091	3.6217500000000005
51.813	3.621080000000001
51.8236	3.6182500000000006
51.8453	3.6177900000000003
51.8624	3.616880000000001
51.8639	3.6140800000000004
51.8908	3.6128400000000003
51.8989	3.6106700000000007
51.9299	3.6092200000000005
51.9392	3.6065000000000005
51.9444	3.6057200000000007
51.9701	3.6050400000000007
52.0039	3.6033500000000007
52.0399	3.6023900000000006
52.0893	3.59642
52.1125	3.59147
52.1662	3.58551
52.1978	3.5845400000000005
52.2371	3.583190000000001
52.2529	3.5796800000000006
52.2651	3.5790300000000004
52.3035	3.578360000000001
52.3134	3.573550000000001
52.349	3.573410000000001
52.363	3.5684900000000006
52.3929	3.5645700000000007
52.4127	3.56294
52.422	3.5616700000000003
52.481	3.556400000000001
52.5213	3.5510600000000005
52.5469	3.5497900000000007
52.5588	3.5477000000000007
52.5872	3.545610000000001
52.6957	3.5337300000000003
52.7321	3.5303400000000007
52.742	3.5275500000000006
52.869	3.5163800000000007
52.9065	3.513020000000001
52.9508	3.507270000000001
53.0151	3.5011400000000004
53.0946	3.49216
53.3901	3.4847300000000008
53.4122	3.4765700000000006
53.449	3.467790000000001
53.569	3.4675900000000004
53.5854	3.4534100000000008
53.7085	3.4500800000000007
53.7447	3.4461200000000005
53.754	3.4451300000000007
53.7622	3.4429600000000002
53.7902	3.4411700000000005
53.7944	3.4396700000000004
53.8076	3.4380100000000002
53.8244	3.436350000000001
53.8306	3.4357100000000003
53.8438	3.434050000000001
53.8481	3.4325600000000005
53.8814	3.4294900000000004
53.8936	3.4276100000000005
53.9137	3.4262000000000006
53.9176	3.42553
53.9269	3.4245400000000004
53.9673	3.4190900000000006
54.1813	3.414740000000001
54.3627	3.410920000000001
54.4956	3.3831300000000004
54.6475	3.352480000000001
54.8777	3.35029
54.9144	3.344380000000001
54.9665	3.3341600000000007
55.1559	3.3188700000000004
55.1889	3.297460000000001
55.2292	3.29328
55.3403	3.2827
55.508	3.2803400000000007
55.5366	3.26921
55.6332	3.2547200000000007
55.6827	3.2513500000000004
55.6971	3.2511600000000005
55.8292	3.2470800000000004
55.8329	3.2457200000000004
55.8421	3.2450300000000007
55.8729	3.2305600000000005
55.9174	3.2167600000000007
55.9979	3.208400000000001
56.0715	3.2156900000000004
56.0993	3.1969600000000007
56.1798	3.188600000000001
56.2669	3.178540000000001
56.386	3.171430000000001
56.4879	3.1554800000000007
56.5418	3.1526200000000006
56.6305	3.140200000000001
56.7139	3.1348000000000003
56.8332	3.1296500000000007
56.8808	3.1167500000000006
56.9103	3.1116400000000004
56.915	3.1113100000000005
56.9506	3.10747
57.0246	3.1045100000000003
57.0604	3.0986900000000004
57.1022	3.0907300000000006
57.1424	3.0865600000000004
57.2229	3.0782000000000007
57.4481	3.067640000000001
57.5955	3.0615000000000006
57.7572	3.0592500000000005
57.8172	3.0426900000000003
57.8576	3.037230000000001
57.9686	3.0379700000000005
57.9763	3.0238500000000004
58.0117	3.0160300000000007
58.0321	3.0159400000000005
58.1325	3.00349
58.2077	2.9968600000000007
58.2595	2.994580000000001
58.2653	2.9901600000000004
58.2841	2.9867600000000003
58.4506	2.97644
58.499	2.9720500000000003
58.5337	2.9684300000000006
58.5424	2.96173
58.5689	2.95542
58.6491	2.949510000000001
58.7182	2.9457200000000006
58.7403	2.940430000000001
58.7806	2.9362600000000008
58.8209	2.932080000000001
58.8657	2.9275600000000006
58.906	2.9233900000000004
58.9712	2.9231700000000007
58.9761	2.9222300000000008
58.9782	2.9197800000000003
59.0298	2.9087500000000004
59.0483	2.907330000000001
59.0529	2.9069900000000004
59.1489	2.9012600000000006
59.1701	2.900640000000001
59.1741	2.8990600000000004
59.2101	2.894400000000001
59.2663	2.8853100000000005
59.3133	2.88208
59.361	2.8799200000000003
59.3851	2.8792400000000002
59.3979	2.87462
59.4419	2.8737000000000004
59.4428	2.8701000000000008
59.4911	2.865850000000001
59.493	2.8651800000000005
59.5136	2.862750000000001
59.5583	2.8595200000000007
59.6085	2.8559200000000002
59.619	2.8526700000000007
59.6682	2.852620000000001
59.6915	2.8450500000000005
59.7049	2.843840000000001
59.7452	2.8396600000000003
59.778	2.8390500000000003
59.7891	2.8383700000000003
59.8696	2.8300100000000006
59.8949	2.8269800000000007
59.9278	2.8246700000000002
59.9523	2.82073
59.9605	2.820430000000001
60.0057	2.813440000000001
60.0625	2.8111200000000007
60.0807	2.8084000000000007
60.1099	2.8041400000000003
60.1488	2.802130000000001
60.1786	2.7991800000000007
60.1839	2.7984100000000005
60.2241	2.7942300000000007
60.2293	2.7937700000000003
60.2695	2.7895900000000005
60.6589	2.782560000000001
60.7394	2.774210000000001
60.8289	2.764290000000001
60.8482	2.769730000000001
60.8834	2.7599800000000005
60.9639	2.7516300000000005
60.9791	2.7536500000000004
61.0116	2.748100000000001
61.1029	2.739020000000001
61.1834	2.730670000000001
61.2283	2.7261500000000005
61.2636	2.7247600000000007
61.3082	2.722220000000001
61.3752	2.7097500000000005
61.4511	2.701740000000001
61.5933	2.6889000000000003
61.6281	2.68299
61.7402	2.672510000000001
61.9998	2.663990000000001
62.0275	2.6547100000000006
62.193	2.646890000000001
62.2644	2.6459800000000007
62.2658	2.6389900000000006
62.3121	2.6371
62.3506	2.6273400000000002
62.4586	2.6225200000000006
62.5095	2.6162400000000003
62.5375	2.6157200000000005
62.5546	2.605430000000001
62.6788	2.5988700000000007
62.6903	2.5875400000000006
62.7573	2.5864200000000004
62.7876	2.583120000000001
62.7997	2.5791900000000005
62.8194	2.5786700000000007
62.8299	2.5781800000000006
62.8948	2.5688900000000006
62.9506	2.5656500000000007
62.9643	2.55968
63.0262	2.5565800000000003
63.0771	2.5517400000000006
63.0895	2.551100000000001
63.0965	2.5487
63.1413	2.5442600000000004
63.1502	2.5415800000000006
63.2269	2.5383000000000004
63.2519	2.532680000000001
63.2571	2.5313000000000008
63.2824	2.5291500000000005
63.3172	2.5269600000000008
63.3468	2.5214300000000005
63.3976	2.520150000000001
63.4089	2.5185000000000004
63.4144	2.518110000000001
63.4342	2.518040000000001
63.4512	2.5178100000000008
63.4587	2.5129600000000005
63.5038	2.509340000000001
63.51	2.502440000000001
63.5789	2.50023
63.5824	2.4945200000000005
63.6679	2.4924800000000005
63.6723	2.4921700000000007
63.6852	2.4911700000000003
63.7008	2.4891700000000005
63.7081	2.4863500000000007
63.761	2.4863500000000007
63.8008	2.4795700000000007
63.8071	2.4784900000000007
63.8307	2.4766200000000005
63.8366	2.474170000000001
63.8599	2.472270000000001
63.895	2.4690200000000004
63.8953	2.4657800000000005
63.9356	2.4616000000000007
63.9805	2.457090000000001
64.0269	2.45685
64.04	2.452020000000001
64.0592	2.4541400000000007
64.061	2.4487300000000003
64.1228	2.4450700000000003
64.1997	2.441440000000001
64.2242	2.4336200000000003
64.2651	2.4313100000000007
64.275	2.430200000000001
64.3047	2.4252700000000003
64.3781	2.4189300000000005
64.4795	2.411150000000001
64.4801	2.410710000000001
64.6633	2.3918300000000006
65.234	2.3881700000000006
65.3322	2.383540000000001
65.439	2.372020000000001
65.5184	2.3689300000000006
65.5725	2.3678100000000004
65.678	2.3577400000000006
65.7659	2.3611400000000007
65.7833	2.338450000000001
65.894	2.327000000000001
65.9582	2.326790000000001
66.0118	2.319680000000001
66.0259	2.3186300000000006
66.0521	2.315500000000001
66.127	2.315150000000001
66.1632	2.30555
66.2115	2.3000700000000007
66.2859	2.297720000000001
66.38	2.295820000000001
66.4028	2.289580000000001
66.4055	2.28345
66.453	2.2776500000000004
66.4852	2.2721300000000006
66.5964	2.2718000000000007
66.601	2.2653500000000006
66.6068	2.2627900000000007
66.6244	2.261920000000001
66.7399	2.25016
66.7854	2.24521
66.7936	2.24305
66.84	2.239980000000001
66.8756	2.2361400000000007
66.8793	2.2339200000000003
66.9211	2.2311900000000007
67.0966	2.22928
67.2557	2.2171600000000007
67.715	2.1973800000000008
68.2258	2.1917100000000005
68.4049	2.1478600000000005
68.6458	2.140740000000001
69.1912	2.1287100000000008
69.2373	2.123710000000001
69.4187	2.1039600000000007
69.4525	2.1018100000000004
69.9831	2.0984499999999997
69.9864	2.09793
70.0227	2.0904300000000013
70.0235	2.0895100000000006
70.0343	2.0894600000000008
70.0546	2.0681700000000003
70.0638	2.085330000000001
70.1025	2.039390000000001
70.2801	2.0373400000000004
70.4529	2.0270600000000005
70.5046	2.02496
70.5495	2.010250000000001
70.5982	2.00713
70.6765	2.02308
70.6864	2.005790000000001
70.7884	2.009170000000001
70.8479	2.005700000000001
70.8853	2.0033600000000007
70.9054	1.9958299999999998
70.9235	1.9790900000000011
70.9757	1.9945700000000013
71.0219	1.9845199999999998
71.0626	1.9830500000000004
71.0979	1.9817
71.1046	1.9789700000000003
71.1393	1.9789400000000015
71.1775	1.9769400000000008
71.2137	1.9755700000000012
71.2281	1.9685000000000006
71.2401	1.96847
71.246	1.96734
71.2615	1.965110000000001
71.2757	1.9646300000000014
71.2856	1.9635200000000008
71.316	1.9604499999999998
71.331	1.9588800000000006
71.3392	1.9169900000000002
71.6205	1.8897300000000001
72.3415	1.8211300000000001
73.0494	1.820870000000001
73.1369	1.8153199999999998
73.394	1.8107199999999999
73.4474	1.8105900000000013
73.4584	1.81053
73.487	1.8067600000000006
73.4929	1.8056400000000004
73.4999	1.793660000000001
73.5255	1.7845600000000008
73.6383	1.7805400000000002
73.6515	1.7762700000000002
73.697	1.7713200000000011
73.7611	1.75765
73.8669	1.7558300000000013
73.8977	1.7508700000000008
73.9014	1.7481400000000011
73.9388	1.7388900000000014
74.0222	1.7356100000000012
74.0524	1.7287100000000013
74.1464	1.7197500000000012
74.1555	1.71631
74.1885	1.7133900000000004
74.2422	1.7062800000000014
74.3571	1.6955800000000014
74.38	1.69374
74.4411	1.6897800000000007
74.4611	1.6852600000000013
74.5069	1.6817799999999998
74.539	1.6757800000000014
74.5738	1.6723400000000002
74.6075	1.6715499999999999
74.61	1.6683800000000009
74.6525	1.665610000000001
74.6983	1.6633000000000013
74.7159	1.6628000000000007
74.7166	1.6614700000000013
74.7258	1.6592800000000008
74.7616	1.6534600000000008
74.8266	1.6509999999999998
74.8345	1.6458100000000009
74.8696	1.6457899999999999
74.8986	1.643460000000001
74.9064	1.63762
74.935	1.636420000000001
75.0143	1.629950000000001
75.1051	1.62805
75.1115	1.627320000000001
75.1426	1.6183500000000013
75.2032	1.6131900000000012
75.2837	1.6048400000000012
75.3032	1.6035900000000005
75.3077	1.5980600000000003
75.3825	1.5975400000000004
75.3852	1.59652
75.3973	1.5964299999999998
75.4078	1.5915800000000004
75.4116	1.591050000000001
75.4388	1.5869100000000014
75.4922	1.5827000000000009
75.5578	1.5771800000000002
75.5939	1.5720600000000005
75.6174	1.5719900000000013
75.6227	1.5712900000000012
75.6682	1.5663400000000003
75.7487	1.5579900000000002
75.7617	1.5562300000000011
75.8364	1.54941
75.8655	1.5490300000000001
75.9205	1.5481200000000008
75.9374	1.5406399999999998
75.9577	1.536760000000001
76.0273	1.53022
76.063	1.5263800000000014
76.3048	1.5106300000000008
76.3946	1.5015999999999998
76.9928	1.497250000000001
77.004	1.4962499999999999
77.0625	1.4926399999999997
77.0837	1.48766
77.14	1.4839200000000012
77.1802	1.4797400000000014
77.2168	1.4690900000000013
77.2973	1.4607299999999999
77.369	1.4582800000000002
77.4049	1.4554299999999998
77.4728	1.4516100000000005
77.5299	1.440290000000001
77.6373	1.4306900000000002
77.6701	1.4230900000000002
77.7587	1.41343
77.8691	1.4123200000000011
77.9316	1.39494
78.0763	1.3897900000000014
78.1092	1.3868200000000002
78.1918	1.3780300000000008
78.2024	1.3773900000000001
78.2321	1.373850000000001
78.2373	1.3730799999999999
78.3274	1.36557
78.4235	1.3552100000000014
78.5495	1.3506100000000014
78.7701	1.346210000000001
78.795	1.3325700000000005
79.2258	1.29847
79.8017	1.2953600000000005
80.0428	1.2699800000000003
80.57	1.287180000000001
81.6748	1.2762400000000014
81.7675	1.2718800000000012
81.9101	1.1653000000000002
82.0907	1.1491800000000012
82.1852	1.2156700000000011
82.3601	1.12209
82.405	1.107380000000001
82.4665	1.1024000000000012
82.6178	1.0908800000000003
83.5188	1.0827299999999997
83.6197	1.07329
83.621	1.0715500000000002
84.2049	1.01633
84.6602	1.013770000000001
84.9812	0.995470000000001
85.1888	0.9839000000000002
85.2391	0.9801400000000005
85.2489	0.97696
85.3072	0.9607799999999997
85.3193	0.95519
85.4616	0.9475800000000003
85.5422	0.9392300000000002
85.5964	0.9262899999999998
85.6419	0.9213400000000007
85.6868	0.9168200000000013
85.8598	0.9041700000000006
86.1548	0.9027400000000014
86.2034	0.8980500000000013
86.3094	0.8704400000000003
86.5275	0.8464900000000011
86.6173	0.8374600000000001
86.8215	0.8320300000000014
86.9557	0.8270700000000009
86.9642	0.8253700000000013
86.989	0.8240100000000012
87.0048	0.8208200000000012
87.0579	0.8103400000000001
87.0735	0.8019600000000011
87.2196	0.8012500000000014
87.2283	0.7994500000000002
87.2606	0.7982899999999997
87.288	0.7978100000000001
87.2884	0.7950900000000001
87.3097	0.7945700000000002
87.3129	0.7944900000000015
87.3368	0.7831600000000005
87.4065	0.7720800000000008
87.5163	0.762550000000001
87.5173	0.7614999999999998
87.6903	0.7535800000000012
87.7276	0.7479300000000002
87.8415	0.7374400000000012
87.8484	0.7354000000000003
88.0046	0.7219800000000003
88.0271	0.7188700000000008
88.118	0.7092900000000011
88.2535	0.7091900000000013
88.2799	0.6980200000000014
88.2941	0.6927900000000005
88.4007	0.6854899999999997
88.9215	0.6833800000000014
88.9742	0.6832100000000008
89.0361	0.6785600000000009
89.0423	0.6723499999999998
89.1445	0.6698500000000003
89.226	0.6629400000000008
89.2525	0.660680000000001
89.2631	0.6556800000000003
89.3116	0.646980000000001
89.3785	0.6296499999999998
89.5581	0.6115900000000014
89.7696	0.5955100000000009
89.8098	0.591330000000001
89.9969	0.5865800000000014
90.0092	0.5865299999999998
90.0664	0.5755300000000005
90.387	0.5447199999999999
90.412	0.5362000000000009
90.9998	0.5015999999999998
91.5794	0.4909800000000004
91.6278	0.4846400000000006
91.7856	0.4683700000000002
92.0343	0.4460500000000014
92.4071	0.4305900000000005
92.8846	0.40873000000000026
94.3042	0.29959000000000024
94.4784	0.39684000000000097
94.5529	0.27727000000000146
94.7009	0.3505200000000013
94.7542	0.25638000000000005
95.4658	0.26942999999999984
95.9272	0.22212999999999994
96.7719	0.21164000000000094
96.8406	0.19284000000000034
97.0905	0.17604000000000042
97.1172	0.1692499999999999
97.2458	0.14233000000000118
97.524	0.12001000000000062
97.5545	0.11645000000000039
97.7068	0.10050000000000026
98.7267	0.08840000000000003
98.8258	0.07629999999999981
98.8608	0.07200000000000095
101.143	0.07070000000000043
101.279	0.05719999999999992
101.37	0.046200000000000685
101.415	0.041700000000000514
101.471	0.03690000000000104
101.552	0.02660000000000018
101.607	0.021500000000001407
101.817	0.0
